2015 03 11 01:49:02   0.264   3.341   11.03
2015 03 11 01:49:03   0.596   3.340    7.49
2015 03 11 01:49:04   0.596   3.340    7.49
2015 03 11 01:49:05   0.596   3.340    7.49
2015 03 11 01:49:06   0.601   3.340    7.45
2015 03 11 01:49:07   0.591   3.340    7.52
2015 03 11 01:49:08   0.596   3.340    7.49
2015 03 11 01:49:09   0.601   3.340    7.45
2015 03 11 01:49:10   0.596   3.340    7.49
2015 03 11 01:49:11   0.586   3.340    7.56
2015 03 11 01:49:12   0.596   3.340    7.49
2015 03 11 01:49:13   0.596   3.340    7.49
2015 03 11 01:49:14   0.601   3.340    7.45
2015 03 11 01:49:15   0.586   3.340    7.56
2015 03 11 01:49:16   0.596   3.340    7.49
2015 03 11 01:49:17   0.596   3.340    7.49
2015 03 11 01:49:18   0.591   3.340    7.52
2015 03 11 01:49:19   0.601   3.340    7.45
2015 03 11 01:49:20   0.596   3.340    7.49
2015 03 11 01:49:21   0.596   3.339    7.49
2015 03 11 01:49:22   0.605   3.339    7.42
2015 03 11 01:49:23   0.596   3.339    7.49
2015 03 11 01:49:24   0.596   3.339    7.49
2015 03 11 01:49:25   0.591   3.339    7.52
2015 03 11 01:49:26   0.596   3.339    7.49
2015 03 11 01:49:27   0.601   3.339    7.45
2015 03 11 01:49:28   0.586   3.339    7.56
2015 03 11 01:49:29   0.596   3.339    7.49
2015 03 11 01:49:30   1.299   3.339    4.10
2015 03 11 01:49:31   1.895   3.339    2.46
2015 03 11 01:49:32   1.919   3.339    2.41
2015 03 11 01:49:33   1.914   3.339    2.42
2015 03 11 01:49:34   1.904   3.339    2.44
2015 03 11 01:49:35   1.914   3.339    2.42
2015 03 11 01:49:36   1.924   3.339    2.39
2015 03 11 01:49:37   1.914   3.339    2.42
2015 03 11 01:49:38   1.929   3.339    2.38
2015 03 11 01:49:39   1.909   3.339    2.43
2015 03 11 01:49:40   1.909   3.338    2.43
2015 03 11 01:49:41   1.924   3.338    2.39
2015 03 11 01:49:42   1.929   3.338    2.38
2015 03 11 01:49:43   1.919   3.338    2.40
2015 03 11 01:49:44   1.909   3.338    2.43
2015 03 11 01:49:45   1.924   3.338    2.39
2015 03 11 01:49:46   1.909   3.338    2.43
2015 03 11 01:49:47   1.929   3.338    2.38
2015 03 11 01:49:48   1.919   3.338    2.40
2015 03 11 01:49:49   1.919   3.338    2.40
2015 03 11 01:49:50   1.914   3.338    2.42
2015 03 11 01:49:51   1.938   3.338    2.36
2015 03 11 01:49:52   1.929   3.338    2.38
2015 03 11 01:49:53   1.914   3.338    2.41
2015 03 11 01:49:54   1.909   3.338    2.43
2015 03 11 01:49:55   1.904   3.338    2.44
2015 03 11 01:49:56   1.909   3.338    2.43
2015 03 11 01:49:57   1.914   3.338    2.41
2015 03 11 01:49:58   2.490   3.337    1.27
2015 03 11 01:49:59   3.242   3.337    0.13
2015 03 11 01:50:00   3.301   3.337    0.05
2015 03 11 01:50:01   3.325   3.337    0.02
2015 03 11 01:50:02   3.330   3.337    0.01
2015 03 11 01:50:03   3.340   3.337   -0.00
2015 03 11 01:50:04   3.340   3.337   -0.00
2015 03 11 01:50:05   3.325   3.337    0.02
2015 03 11 01:50:06   3.335   3.337    0.00
2015 03 11 01:50:07   3.359   3.337   -0.03
2015 03 11 01:50:08   3.354   3.337   -0.02
2015 03 11 01:50:09   3.345   3.337   -0.01
2015 03 11 01:50:10   3.330   3.337    0.01
2015 03 11 01:50:11   3.330   3.337    0.01
2015 03 11 01:50:12   3.350   3.337   -0.02
2015 03 11 01:50:13   3.345   3.337   -0.01
2015 03 11 01:50:14   3.330   3.337    0.01
2015 03 11 01:50:15   3.340   3.337   -0.00
2015 03 11 01:50:16   3.340   3.336   -0.00
2015 03 11 01:50:17   3.330   3.336    0.01
2015 03 11 01:50:18   3.345   3.336   -0.01
2015 03 11 01:50:19   3.350   3.336   -0.02
2015 03 11 05:49:02   0.562   2.664    6.76
2015 03 11 05:49:03   0.586   2.664    6.58
2015 03 11 05:49:04   0.591   2.664    6.54
2015 03 11 05:49:05   0.601   2.664    6.47
2015 03 11 05:49:06   0.601   2.664    6.47
2015 03 11 05:49:07   0.596   2.664    6.51
2015 03 11 05:49:08   0.601   2.664    6.47
2015 03 11 05:49:09   0.596   2.664    6.51
2015 03 11 05:49:10   0.591   2.664    6.54
2015 03 11 05:49:11   0.591   2.664    6.54
2015 03 11 05:49:12   0.591   2.664    6.54
2015 03 11 05:49:13   0.601   2.664    6.47
2015 03 11 05:49:14   0.591   2.664    6.54
2015 03 11 05:49:15   0.596   2.664    6.51
2015 03 11 05:49:16   0.591   2.664    6.54
2015 03 11 05:49:17   0.596   2.664    6.51
2015 03 11 05:49:18   0.596   2.664    6.51
2015 03 11 05:49:19   0.596   2.664    6.51
2015 03 11 05:49:20   0.596   2.664    6.51
2015 03 11 05:49:21   0.591   2.664    6.54
2015 03 11 05:49:22   0.596   2.664    6.51
2015 03 11 05:49:23   0.591   2.664    6.54
2015 03 11 05:49:24   0.596   2.664    6.51
2015 03 11 05:49:25   0.591   2.664    6.54
2015 03 11 05:49:26   0.591   2.664    6.54
2015 03 11 05:49:27   0.591   2.664    6.54
2015 03 11 05:49:28   0.601   2.664    6.47
2015 03 11 05:49:29   0.815   2.664    5.14
2015 03 11 05:49:30   1.860   2.664    1.56
2015 03 11 05:49:31   1.899   2.664    1.47
2015 03 11 05:49:32   1.904   2.664    1.46
2015 03 11 05:49:33   1.919   2.664    1.42
2015 03 11 05:49:34   1.919   2.664    1.42
2015 03 11 05:49:35   1.919   2.664    1.42
2015 03 11 05:49:36   1.919   2.664    1.42
2015 03 11 05:49:37   1.914   2.664    1.44
2015 03 11 05:49:38   1.904   2.664    1.46
2015 03 11 05:49:39   1.904   2.664    1.46
2015 03 11 05:49:40   1.919   2.664    1.42
2015 03 11 05:49:41   1.909   2.664    1.45
2015 03 11 05:49:42   1.904   2.664    1.46
2015 03 11 05:49:43   1.919   2.664    1.42
2015 03 11 05:49:44   1.904   2.664    1.46
2015 03 11 05:49:45   1.909   2.664    1.45
2015 03 11 05:49:46   1.909   2.664    1.45
2015 03 11 05:49:47   1.919   2.664    1.42
2015 03 11 05:49:48   1.914   2.664    1.44
2015 03 11 05:49:49   1.914   2.664    1.44
2015 03 11 05:49:50   1.938   2.664    1.38
2015 03 11 05:49:51   1.914   2.664    1.44
2015 03 11 05:49:52   1.919   2.664    1.42
2015 03 11 05:49:53   1.919   2.664    1.42
2015 03 11 05:49:54   1.919   2.664    1.42
2015 03 11 05:49:55   1.919   2.664    1.42
2015 03 11 05:49:56   1.924   2.664    1.41
2015 03 11 05:49:57   1.982   2.664    1.28
2015 03 11 05:49:58   3.052   2.664   -0.59
2015 03 11 05:49:59   3.320   2.664   -0.96
2015 03 11 05:50:00   3.340   2.664   -0.98
2015 03 11 05:50:01   3.335   2.664   -0.98
2015 03 11 05:50:02   3.345   2.664   -0.99
2015 03 11 05:50:03   3.315   2.664   -0.95
2015 03 11 05:50:04   3.345   2.664   -0.99
2015 03 11 05:50:05   3.325   2.664   -0.96
2015 03 11 05:50:06   3.335   2.663   -0.98
2015 03 11 05:50:07   3.350   2.663   -1.00
2015 03 11 05:50:08   3.330   2.663   -0.97
2015 03 11 05:50:09   3.335   2.663   -0.98
2015 03 11 05:50:10   3.340   2.663   -0.98
2015 03 11 05:50:11   3.340   2.663   -0.98
2015 03 11 05:50:12   3.340   2.663   -0.98
2015 03 11 05:50:13   3.325   2.663   -0.96
2015 03 11 05:50:14   3.335   2.663   -0.98
2015 03 11 05:50:15   3.340   2.663   -0.98
2015 03 11 05:50:16   3.320   2.663   -0.96
2015 03 11 05:50:17   3.325   2.663   -0.96
2015 03 11 05:50:18   3.350   2.663   -1.00
2015 03 11 09:49:01   0.244   3.382   11.42
2015 03 11 09:49:02   0.586   3.382    7.61
2015 03 11 09:49:03   0.591   3.382    7.58
2015 03 11 09:49:04   0.586   3.382    7.61
2015 03 11 09:49:05   0.586   3.382    7.61
2015 03 11 09:49:06   0.581   3.382    7.65
2015 03 11 09:49:07   0.586   3.382    7.61
2015 03 11 09:49:08   0.586   3.383    7.61
2015 03 11 09:49:09   0.586   3.383    7.61
2015 03 11 09:49:10   0.586   3.383    7.61
2015 03 11 09:49:11   0.591   3.383    7.58
2015 03 11 09:49:12   0.591   3.383    7.58
2015 03 11 09:49:13   0.586   3.383    7.61
2015 03 11 09:49:14   0.591   3.383    7.58
2015 03 11 09:49:15   0.596   3.383    7.54
2015 03 11 09:49:16   0.591   3.383    7.58
2015 03 11 09:49:17   0.586   3.384    7.62
2015 03 11 09:49:18   0.586   3.384    7.62
2015 03 11 09:49:19   0.586   3.384    7.62
2015 03 11 09:49:20   0.586   3.384    7.62
2015 03 11 09:49:21   0.591   3.384    7.58
2015 03 11 09:49:22   0.591   3.384    7.58
2015 03 11 09:49:23   0.586   3.384    7.62
2015 03 11 09:49:24   0.591   3.384    7.58
2015 03 11 09:49:25   0.586   3.384    7.62
2015 03 11 09:49:26   0.591   3.384    7.58
2015 03 11 09:49:27   0.586   3.385    7.62
2015 03 11 09:49:28   0.591   3.385    7.58
2015 03 11 09:49:29   1.411   3.385    3.80
2015 03 11 09:49:30   1.895   3.385    2.52
2015 03 11 09:49:31   1.909   3.385    2.49
2015 03 11 09:49:32   1.909   3.385    2.49
2015 03 11 09:49:33   1.904   3.385    2.50
2015 03 11 09:49:34   1.919   3.385    2.47
2015 03 11 09:49:35   1.919   3.385    2.47
2015 03 11 09:49:36   1.919   3.385    2.47
2015 03 11 09:49:37   1.909   3.386    2.49
2015 03 11 09:49:38   1.909   3.386    2.49
2015 03 11 09:49:39   1.904   3.386    2.50
2015 03 11 09:49:40   1.914   3.386    2.48
2015 03 11 09:49:41   1.895   3.386    2.52
2015 03 11 09:49:42   1.904   3.386    2.50
2015 03 11 09:49:43   1.914   3.386    2.48
2015 03 11 09:49:44   1.919   3.386    2.47
2015 03 11 09:49:45   1.914   3.386    2.48
2015 03 11 09:49:46   1.924   3.387    2.46
2015 03 11 09:49:47   1.914   3.387    2.48
2015 03 11 09:49:48   1.904   3.387    2.50
2015 03 11 09:49:49   1.924   3.387    2.46
2015 03 11 09:49:50   1.914   3.387    2.48
2015 03 11 09:49:51   1.909   3.387    2.49
2015 03 11 09:49:52   1.914   3.387    2.48
2015 03 11 09:49:53   1.914   3.387    2.48
2015 03 11 09:49:54   1.919   3.387    2.47
2015 03 11 09:49:55   1.899   3.387    2.51
2015 03 11 09:49:56   1.914   3.388    2.48
2015 03 11 09:49:57   2.446   3.388    1.41
2015 03 11 09:49:58   3.252   3.388    0.18
2015 03 11 09:49:59   3.296   3.388    0.12
2015 03 11 09:50:00   3.306   3.388    0.11
2015 03 11 09:50:01   3.320   3.388    0.09
2015 03 11 09:50:02   3.311   3.388    0.10
2015 03 11 09:50:03   3.330   3.388    0.08
2015 03 11 09:50:04   3.340   3.388    0.06
2015 03 11 09:50:05   3.330   3.389    0.08
2015 03 11 09:50:06   3.330   3.389    0.08
2015 03 11 09:50:07   3.335   3.389    0.07
2015 03 11 09:50:08   3.340   3.389    0.06
2015 03 11 09:50:09   3.345   3.389    0.06
2015 03 11 09:50:10   3.340   3.389    0.06
2015 03 11 09:50:11   3.306   3.389    0.11
2015 03 11 09:50:12   3.330   3.389    0.08
2015 03 11 09:50:13   3.335   3.389    0.07
2015 03 11 09:50:14   3.335   3.389    0.07
2015 03 11 09:50:15   3.350   3.390    0.05
2015 03 11 09:50:16   3.320   3.390    0.09
2015 03 11 09:50:17   3.311   3.390    0.10
2015 03 11 09:50:18   3.311   3.390    0.10
2015 03 11 13:49:01   0.508   4.721    9.68
2015 03 11 13:49:02   0.581   4.721    9.10
2015 03 11 13:49:03   0.586   4.721    9.06
2015 03 11 13:49:04   0.586   4.721    9.06
2015 03 11 13:49:05   0.586   4.721    9.06
2015 03 11 13:49:06   0.591   4.721    9.03
2015 03 11 13:49:07   0.586   4.721    9.06
2015 03 11 13:49:08   0.586   4.721    9.06
2015 03 11 13:49:09   0.581   4.721    9.10
2015 03 11 13:49:10   0.581   4.722    9.10
2015 03 11 13:49:11   0.586   4.722    9.06
2015 03 11 13:49:12   0.586   4.722    9.06
2015 03 11 13:49:13   0.581   4.722    9.10
2015 03 11 13:49:14   0.581   4.722    9.10
2015 03 11 13:49:15   0.586   4.722    9.06
2015 03 11 13:49:16   0.586   4.722    9.06
2015 03 11 13:49:17   0.586   4.722    9.06
2015 03 11 13:49:18   0.586   4.722    9.06
2015 03 11 13:49:19   0.586   4.722    9.06
2015 03 11 13:49:20   0.586   4.722    9.06
2015 03 11 13:49:21   0.586   4.722    9.06
2015 03 11 13:49:22   0.586   4.722    9.06
2015 03 11 13:49:23   0.581   4.722    9.10
2015 03 11 13:49:24   0.586   4.722    9.06
2015 03 11 13:49:25   0.586   4.722    9.06
2015 03 11 13:49:26   0.586   4.722    9.06
2015 03 11 13:49:27   0.586   4.722    9.06
2015 03 11 13:49:28   0.732   4.722    8.09
2015 03 11 13:49:29   1.831   4.722    4.11
2015 03 11 13:49:30   1.885   4.722    3.99
2015 03 11 13:49:31   1.899   4.722    3.96
2015 03 11 13:49:32   1.904   4.722    3.94
2015 03 11 13:49:33   1.899   4.722    3.96
2015 03 11 13:49:34   1.885   4.723    3.99
2015 03 11 13:49:35   1.899   4.723    3.96
2015 03 11 13:49:36   1.899   4.723    3.96
2015 03 11 13:49:37   1.904   4.723    3.94
2015 03 11 13:49:38   1.909   4.723    3.93
2015 03 11 13:49:39   1.895   4.723    3.97
2015 03 11 13:49:40   1.904   4.723    3.94
2015 03 11 13:49:41   1.904   4.723    3.94
2015 03 11 13:49:42   1.904   4.723    3.94
2015 03 11 13:49:43   1.895   4.723    3.97
2015 03 11 13:49:44   1.909   4.723    3.93
2015 03 11 13:49:45   1.904   4.723    3.94
2015 03 11 13:49:46   1.904   4.723    3.94
2015 03 11 13:49:47   1.899   4.723    3.96
2015 03 11 13:49:48   1.904   4.723    3.94
2015 03 11 13:49:49   1.909   4.723    3.93
2015 03 11 13:49:50   1.904   4.723    3.94
2015 03 11 13:49:51   1.904   4.723    3.95
2015 03 11 13:49:52   1.909   4.723    3.93
2015 03 11 13:49:53   1.909   4.723    3.93
2015 03 11 13:49:54   1.909   4.723    3.93
2015 03 11 13:49:55   1.914   4.723    3.92
2015 03 11 13:49:56   1.924   4.723    3.90
2015 03 11 13:49:57   3.003   4.723    1.97
2015 03 11 13:49:58   3.281   4.723    1.58
2015 03 11 13:49:59   3.311   4.724    1.54
2015 03 11 13:50:00   3.325   4.724    1.52
2015 03 11 13:50:01   3.311   4.724    1.54
2015 03 11 13:50:02   3.301   4.724    1.56
2015 03 11 13:50:03   3.315   4.724    1.54
2015 03 11 13:50:04   3.311   4.724    1.54
2015 03 11 13:50:05   3.320   4.724    1.53
2015 03 11 13:50:06   3.330   4.724    1.52
2015 03 11 13:50:07   3.325   4.724    1.52
2015 03 11 13:50:08   3.340   4.724    1.51
2015 03 11 13:50:09   3.325   4.724    1.52
2015 03 11 13:50:10   3.325   4.724    1.52
2015 03 11 13:50:11   3.315   4.724    1.54
2015 03 11 13:50:12   3.325   4.724    1.52
2015 03 11 13:50:13   3.330   4.724    1.52
2015 03 11 13:50:14   3.340   4.724    1.51
2015 03 11 13:50:15   3.320   4.724    1.53
2015 03 11 13:50:16   3.325   4.724    1.53
2015 03 11 13:50:17   3.350   4.724    1.49
2015 03 11 13:50:18   3.350   4.724    1.49
2015 03 11 17:49:00   0.190   4.270   13.51
2015 03 11 17:49:01   0.591   4.270    8.59
2015 03 11 17:49:02   0.591   4.270    8.59
2015 03 11 17:49:03   0.596   4.270    8.55
2015 03 11 17:49:04   0.591   4.270    8.59
2015 03 11 17:49:05   0.596   4.270    8.55
2015 03 11 17:49:06   0.596   4.270    8.55
2015 03 11 17:49:07   0.586   4.270    8.63
2015 03 11 17:49:08   0.586   4.270    8.63
2015 03 11 17:49:09   0.596   4.270    8.55
2015 03 11 17:49:10   0.586   4.269    8.63
2015 03 11 17:49:11   0.591   4.269    8.59
2015 03 11 17:49:12   0.586   4.269    8.63
2015 03 11 17:49:13   0.596   4.269    8.55
2015 03 11 17:49:14   0.591   4.269    8.59
2015 03 11 17:49:15   0.591   4.269    8.59
2015 03 11 17:49:16   0.586   4.269    8.62
2015 03 11 17:49:17   0.591   4.269    8.59
2015 03 11 17:49:18   0.596   4.269    8.55
2015 03 11 17:49:19   0.596   4.269    8.55
2015 03 11 17:49:20   0.596   4.269    8.55
2015 03 11 17:49:21   0.586   4.269    8.62
2015 03 11 17:49:22   0.591   4.269    8.59
2015 03 11 17:49:23   0.586   4.269    8.62
2015 03 11 17:49:24   0.591   4.268    8.59
2015 03 11 17:49:25   0.591   4.268    8.59
2015 03 11 17:49:26   0.586   4.268    8.62
2015 03 11 17:49:27   0.591   4.268    8.59
2015 03 11 17:49:28   1.294   4.268    5.18
2015 03 11 17:49:29   1.909   4.268    3.49
2015 03 11 17:49:30   1.909   4.268    3.49
2015 03 11 17:49:31   1.904   4.268    3.50
2015 03 11 17:49:32   1.909   4.268    3.49
2015 03 11 17:49:33   1.914   4.268    3.48
2015 03 11 17:49:34   1.914   4.268    3.48
2015 03 11 17:49:35   1.914   4.268    3.48
2015 03 11 17:49:36   1.914   4.268    3.48
2015 03 11 17:49:37   1.914   4.268    3.48
2015 03 11 17:49:38   1.914   4.267    3.48
2015 03 11 17:49:39   1.914   4.267    3.48
2015 03 11 17:49:40   1.914   4.267    3.48
2015 03 11 17:49:41   1.929   4.267    3.45
2015 03 11 17:49:42   1.924   4.267    3.46
2015 03 11 17:49:43   1.929   4.267    3.45
2015 03 11 17:49:44   1.914   4.267    3.48
2015 03 11 17:49:45   1.909   4.267    3.49
2015 03 11 17:49:46   1.924   4.267    3.46
2015 03 11 17:49:47   1.929   4.267    3.45
2015 03 11 17:49:48   1.899   4.267    3.51
2015 03 11 17:49:49   1.909   4.267    3.49
2015 03 11 17:49:50   1.924   4.267    3.46
2015 03 11 17:49:51   1.919   4.267    3.47
2015 03 11 17:49:52   1.914   4.266    3.48
2015 03 11 17:49:53   1.914   4.266    3.48
2015 03 11 17:49:54   1.914   4.266    3.48
2015 03 11 17:49:55   1.919   4.266    3.47
2015 03 11 17:49:56   2.314   4.266    2.66
2015 03 11 17:49:57   3.213   4.266    1.23
2015 03 11 17:49:58   3.311   4.266    1.10
2015 03 11 17:49:59   3.320   4.266    1.09
2015 03 11 17:50:00   3.325   4.266    1.08
2015 03 11 17:50:01   3.330   4.266    1.08
2015 03 11 17:50:02   3.330   4.266    1.08
2015 03 11 17:50:03   3.345   4.266    1.06
2015 03 11 17:50:04   3.330   4.266    1.08
2015 03 11 17:50:05   3.325   4.266    1.08
2015 03 11 17:50:06   3.335   4.265    1.07
2015 03 11 17:50:07   3.340   4.265    1.06
2015 03 11 17:50:08   3.335   4.265    1.07
2015 03 11 17:50:09   3.350   4.265    1.05
2015 03 11 17:50:10   3.330   4.265    1.07
2015 03 11 17:50:11   3.335   4.265    1.07
2015 03 11 17:50:12   3.345   4.265    1.06
2015 03 11 17:50:13   3.340   4.265    1.06
2015 03 11 17:50:14   3.301   4.265    1.11
2015 03 11 17:50:15   3.325   4.265    1.08
2015 03 11 17:50:16   3.340   4.265    1.06
2015 03 11 17:50:17   3.320   4.265    1.09
2015 03 11 21:49:00   0.527   3.759    8.53
2015 03 11 21:49:01   0.605   3.759    7.93
2015 03 11 21:49:02   0.596   3.759    8.00
2015 03 11 21:49:03   0.605   3.759    7.93
2015 03 11 21:49:04   0.596   3.759    8.00
2015 03 11 21:49:05   0.601   3.759    7.96
2015 03 11 21:49:06   0.591   3.759    8.04
2015 03 11 21:49:07   0.601   3.759    7.96
2015 03 11 21:49:08   0.591   3.759    8.04
2015 03 11 21:49:09   0.596   3.759    8.00
2015 03 11 21:49:10   0.596   3.759    8.00
2015 03 11 21:49:11   0.591   3.759    8.04
2015 03 11 21:49:12   0.601   3.759    7.96
2015 03 11 21:49:13   0.596   3.759    8.00
2015 03 11 21:49:14   0.601   3.759    7.96
2015 03 11 21:49:15   0.601   3.759    7.96
2015 03 11 21:49:16   0.605   3.759    7.93
2015 03 11 21:49:17   0.605   3.759    7.93
2015 03 11 21:49:18   0.605   3.759    7.93
2015 03 11 21:49:19   0.596   3.759    8.00
2015 03 11 21:49:20   0.601   3.759    7.96
2015 03 11 21:49:21   0.596   3.759    8.00
2015 03 11 21:49:22   0.591   3.759    8.04
2015 03 11 21:49:23   0.605   3.759    7.93
2015 03 11 21:49:24   0.596   3.759    8.00
2015 03 11 21:49:25   0.596   3.759    8.00
2015 03 11 21:49:26   0.596   3.759    8.00
2015 03 11 21:49:27   0.732   3.758    7.10
2015 03 11 21:49:28   1.855   3.758    3.07
2015 03 11 21:49:29   1.919   3.758    2.92
2015 03 11 21:49:30   1.914   3.758    2.93
2015 03 11 21:49:31   1.914   3.758    2.93
2015 03 11 21:49:32   1.914   3.758    2.93
2015 03 11 21:49:33   1.904   3.758    2.95
2015 03 11 21:49:34   1.909   3.758    2.94
2015 03 11 21:49:35   1.914   3.758    2.93
2015 03 11 21:49:36   1.914   3.758    2.93
2015 03 11 21:49:37   1.919   3.758    2.92
2015 03 11 21:49:38   1.934   3.758    2.89
2015 03 11 21:49:39   1.924   3.758    2.91
2015 03 11 21:49:40   1.919   3.758    2.92
2015 03 11 21:49:41   1.924   3.758    2.91
2015 03 11 21:49:42   1.919   3.758    2.92
2015 03 11 21:49:43   1.924   3.758    2.91
2015 03 11 21:49:44   1.924   3.758    2.91
2015 03 11 21:49:45   1.919   3.758    2.92
2015 03 11 21:49:46   1.929   3.758    2.90
2015 03 11 21:49:47   1.919   3.758    2.92
2015 03 11 21:49:48   1.924   3.758    2.91
2015 03 11 21:49:49   1.929   3.758    2.90
2015 03 11 21:49:50   1.943   3.758    2.86
2015 03 11 21:49:51   1.924   3.758    2.91
2015 03 11 21:49:52   1.914   3.758    2.93
2015 03 11 21:49:53   1.919   3.758    2.92
2015 03 11 21:49:54   1.919   3.758    2.92
2015 03 11 21:49:55   1.934   3.758    2.89
2015 03 11 21:49:56   2.964   3.758    1.03
2015 03 11 21:49:57   3.271   3.758    0.60
2015 03 11 21:49:58   3.335   3.758    0.52
2015 03 11 21:49:59   3.330   3.758    0.53
2015 03 11 21:50:00   3.354   3.758    0.49
2015 03 11 21:50:01   3.354   3.758    0.49
2015 03 11 21:50:02   3.345   3.758    0.51
2015 03 11 21:50:03   3.335   3.758    0.52
2015 03 11 21:50:04   3.350   3.758    0.50
2015 03 11 21:50:05   3.325   3.758    0.53
2015 03 11 21:50:06   3.345   3.758    0.51
2015 03 11 21:50:07   3.330   3.758    0.53
2015 03 11 21:50:08   3.330   3.758    0.53
2015 03 11 21:50:09   3.350   3.758    0.50
2015 03 11 21:50:10   3.350   3.758    0.50
2015 03 11 21:50:11   3.354   3.758    0.49
2015 03 11 21:50:12   3.359   3.758    0.49
2015 03 11 21:50:13   3.320   3.758    0.54
2015 03 11 21:50:14   3.335   3.758    0.52
2015 03 11 21:50:15   3.350   3.758    0.50
2015 03 11 21:50:16   3.345   3.758    0.51
2015 03 11 21:50:17   3.340   3.758    0.51
