0.534835658333
0.540987098977
0.604296235883
0.619472047282
0.66858830233
0.699870786747
0.719928547856
0.775387074816
0.791640636701
0.838850086664
0.852474633085
0.899841872656
0.951712082123
0.971686318129
1.01571136782
1.0401689491
1.07076347582
1.12775483763
1.15050079519
1.18887058872
1.23084452984
1.25963509309
1.30079312036
1.33010175631
1.37362842727
1.38412577472
1.42383040681
1.44581336191
1.49859720794
1.51582391872
1.58163655572
1.59067192824
1.65160145535
1.66126523696
1.71209461903
1.75311961734
1.7901635967
1.80702846437
1.86113687006
1.89443606457
1.92644510428
1.95367912295
1.99613479391
2.01714120861
2.06935416687
2.10268931354
2.14142843162
2.14540691567
2.19964894703
2.23004311304
2.27227012302
2.30896000772
2.35048757958
2.38263661036
2.40152767456
2.43666316496
2.49289210849
2.50558290814
2.54970388162
2.58741722348
2.61113628953
2.63696881725
2.68340731011
2.7185766497
2.7533827576
2.80934235698
2.82510481179
2.86403473837
2.88790182087
2.94074055358
2.9704868321
3.00173530874
3.0219365879
3.08498263494
3.10260276425
3.15586039509
3.16768147883
3.21384822232
3.23702945025
3.26574835802
3.30454957481
3.34276451372
3.37585830541
3.43929235609
3.47195047451
3.50751373796
3.51260411766
3.56011844036
3.59648867781
3.62228962367
3.67157954684
3.68627180338
3.72378794497
3.77468444761
3.80239370604
3.84517208202
3.8759290886
3.90890328184
3.93996837218
3.98079152736
