0.17 0.17 0.17 0.17 0.17 0.17 0.17 0.16 0.16 0.16 0.16 0.16 0.16 0.16 0.16 0.16 0.15 0.15 0.15 0.15 0.15 0.15 0.15 0.15 0.15 0.15 0.15 0.15 0.14 0.14 0.14 0.14 0.14 0.14 0.14 0.14 0.14 0.14 0.14 0.14 0.14 0.14 0.14 0.14 0.13 0.13 0.13 0.13 0.13 0.13 0.13 0.13 0.13 0.13 0.13 0.13 0.13 0.13 0.13 0.13 0.13 0.13 0.13 0.13 0.13 0.13 0.13 0.12 0.12 0.12 0.12 0.12 0.12 0.12 0.12 0.12 0.12 0.12 0.12 0.12 0.12 0.12 0.12 0.12 0.12 0.12 0.12 0.12 0.12 0.12 0.12 0.12 0.12 0.12 0.12 0.12 0.11 0.11 0.11 0.11
0.17 0.17 0.17 0.17 0.17 0.17 0.16 0.16 0.16 0.16 0.16 0.16 0.16 0.16 0.16 0.15 0.15 0.15 0.15 0.15 0.15 0.15 0.15 0.15 0.15 0.15 0.15 0.15 0.14 0.14 0.14 0.14 0.14 0.14 0.14 0.14 0.14 0.14 0.14 0.14 0.14 0.14 0.14 0.13 0.13 0.13 0.13 0.13 0.13 0.13 0.13 0.13 0.13 0.13 0.13 0.13 0.13 0.13 0.13 0.13 0.13 0.13 0.13 0.13 0.12 0.12 0.12 0.12 0.12 0.12 0.12 0.12 0.12 0.12 0.12 0.12 0.12 0.12 0.12 0.12 0.12 0.12 0.12 0.12 0.12 0.12 0.12 0.12 0.12 0.12 0.12 0.12 0.12 0.11 0.11 0.11 0.11 0.11 0.11 0.11
0.17 0.17 0.17 0.17 0.17 0.16 0.16 0.16 0.16 0.16 0.16 0.16 0.16 0.16 0.15 0.15 0.15 0.15 0.15 0.15 0.15 0.15 0.15 0.15 0.15 0.15 0.14 0.14 0.14 0.14 0.14 0.14 0.14 0.14 0.14 0.14 0.14 0.14 0.14 0.14 0.14 0.14 0.13 0.13 0.13 0.13 0.13 0.13 0.13 0.13 0.13 0.13 0.13 0.13 0.13 0.13 0.13 0.13 0.13 0.13 0.13 0.13 0.13 0.12 0.12 0.12 0.12 0.12 0.12 0.12 0.12 0.12 0.12 0.12 0.12 0.12 0.12 0.12 0.12 0.12 0.12 0.12 0.12 0.12 0.12 0.12 0.12 0.12 0.12 0.12 0.12 0.12 0.11 0.11 0.11 0.11 0.11 0.11 0.11 0.11
0.17 0.17 0.17 0.17 0.16 0.16 0.16 0.16 0.16 0.16 0.16 0.16 0.16 0.16 0.15 0.15 0.15 0.15 0.15 0.15 0.15 0.15 0.15 0.15 0.15 0.15 0.14 0.14 0.14 0.14 0.14 0.14 0.14 0.14 0.14 0.14 0.14 0.14 0.14 0.14 0.14 0.13 0.13 0.13 0.13 0.13 0.13 0.13 0.13 0.13 0.13 0.13 0.13 0.13 0.13 0.13 0.13 0.13 0.13 0.13 0.13 0.13 0.12 0.12 0.12 0.12 0.12 0.12 0.12 0.12 0.12 0.12 0.12 0.12 0.12 0.12 0.12 0.12 0.12 0.12 0.12 0.12 0.12 0.12 0.12 0.12 0.12 0.12 0.12 0.12 0.11 0.11 0.11 0.11 0.11 0.11 0.11 0.11 0.11 0.11
0.17 0.17 0.17 0.17 0.17 0.16 0.16 0.16 0.16 0.16 0.16 0.16 0.16 0.16 0.15 0.15 0.15 0.15 0.15 0.15 0.15 0.15 0.15 0.15 0.15 0.15 0.14 0.14 0.14 0.14 0.14 0.14 0.14 0.14 0.14 0.14 0.14 0.14 0.14 0.14 0.14 0.14 0.13 0.13 0.13 0.13 0.13 0.13 0.13 0.13 0.13 0.13 0.13 0.13 0.13 0.13 0.13 0.13 0.13 0.13 0.13 0.13 0.12 0.12 0.12 0.12 0.12 0.12 0.12 0.12 0.12 0.12 0.12 0.12 0.12 0.12 0.12 0.12 0.12 0.12 0.12 0.12 0.12 0.12 0.12 0.12 0.12 0.12 0.12 0.12 0.12 0.11 0.11 0.11 0.11 0.11 0.11 0.11 0.11 0.11
0.17 0.17 0.17 0.17 0.17 0.16 0.16 0.16 0.16 0.16 0.16 0.16 0.16 0.16 0.16 0.15 0.15 0.15 0.15 0.15 0.15 0.15 0.15 0.15 0.15 0.15 0.15 0.14 0.14 0.14 0.14 0.14 0.14 0.14 0.14 0.14 0.14 0.14 0.14 0.14 0.14 0.14 0.13 0.13 0.13 0.13 0.13 0.13 0.13 0.13 0.13 0.13 0.13 0.13 0.13 0.13 0.13 0.13 0.13 0.13 0.13 0.13 0.13 0.13 0.12 0.12 0.12 0.12 0.12 0.12 0.12 0.12 0.12 0.12 0.12 0.12 0.12 0.12 0.12 0.12 0.12 0.12 0.12 0.12 0.12 0.12 0.12 0.12 0.12 0.12 0.12 0.12 0.12 0.11 0.11 0.11 0.11 0.11 0.11 0.11
0.17 0.17 0.17 0.17 0.17 0.16 0.16 0.16 0.16 0.16 0.16 0.16 0.16 0.16 0.16 0.15 0.15 0.15 0.15 0.15 0.15 0.15 0.15 0.15 0.15 0.15 0.15 0.14 0.14 0.14 0.14 0.14 0.14 0.14 0.14 0.14 0.14 0.14 0.14 0.14 0.14 0.14 0.13 0.13 0.13 0.13 0.13 0.13 0.13 0.13 0.13 0.13 0.13 0.13 0.13 0.13 0.13 0.13 0.13 0.13 0.13 0.13 0.13 0.12 0.12 0.12 0.12 0.12 0.12 0.12 0.12 0.12 0.12 0.12 0.12 0.12 0.12 0.12 0.12 0.12 0.12 0.12 0.12 0.12 0.12 0.12 0.12 0.12 0.12 0.12 0.12 0.12 0.11 0.11 0.11 0.11 0.11 0.11 0.11 0.11
0.17 0.17 0.17 0.17 0.17 0.17 0.17 0.16 0.16 0.16 0.16 0.16 0.16 0.16 0.16 0.16 0.15 0.15 0.15 0.15 0.15 0.15 0.15 0.15 0.15 0.15 0.15 0.15 0.14 0.14 0.14 0.14 0.14 0.14 0.14 0.14 0.14 0.14 0.14 0.14 0.14 0.14 0.14 0.14 0.13 0.13 0.13 0.13 0.13 0.13 0.13 0.13 0.13 0.13 0.13 0.13 0.13 0.13 0.13 0.13 0.13 0.13 0.13 0.13 0.13 0.12 0.12 0.12 0.12 0.12 0.12 0.12 0.12 0.12 0.12 0.12 0.12 0.12 0.12 0.12 0.12 0.12 0.12 0.12 0.12 0.12 0.12 0.12 0.12 0.12 0.12 0.12 0.12 0.12 0.12 0.11 0.11 0.11 0.11 0.11
0.17 0.17 0.17 0.17 0.17 0.16 0.16 0.16 0.16 0.16 0.16 0.16 0.16 0.16 0.16 0.15 0.15 0.15 0.15 0.15 0.15 0.15 0.15 0.15 0.15 0.15 0.15 0.14 0.14 0.14 0.14 0.14 0.14 0.14 0.14 0.14 0.14 0.14 0.14 0.14 0.14 0.14 0.13 0.13 0.13 0.13 0.13 0.13 0.13 0.13 0.13 0.13 0.13 0.13 0.13 0.13 0.13 0.13 0.13 0.13 0.13 0.13 0.13 0.13 0.12 0.12 0.12 0.12 0.12 0.12 0.12 0.12 0.12 0.12 0.12 0.12 0.12 0.12 0.12 0.12 0.12 0.12 0.12 0.12 0.12 0.12 0.12 0.12 0.12 0.12 0.12 0.12 0.12 0.11 0.11 0.11 0.11 0.11 0.11 0.11
0.17 0.17 0.17 0.17 0.17 0.17 0.16 0.16 0.16 0.16 0.16 0.16 0.16 0.16 0.16 0.15 0.15 0.15 0.15 0.15 0.15 0.15 0.15 0.15 0.15 0.15 0.15 0.14 0.14 0.14 0.14 0.14 0.14 0.14 0.14 0.14 0.14 0.14 0.14 0.14 0.14 0.14 0.13 0.13 0.13 0.13 0.13 0.13 0.13 0.13 0.13 0.13 0.13 0.13 0.13 0.13 0.13 0.13 0.13 0.13 0.13 0.13 0.13 0.12 0.12 0.12 0.12 0.12 0.12 0.12 0.12 0.12 0.12 0.12 0.12 0.12 0.12 0.12 0.12 0.12 0.12 0.12 0.12 0.12 0.12 0.12 0.12 0.12 0.12 0.12 0.12 0.12 0.11 0.11 0.11 0.11 0.11 0.11 0.11 0.11
0.17 0.17 0.17 0.17 0.17 0.17 0.16 0.16 0.16 0.16 0.16 0.16 0.16 0.16 0.16 0.15 0.15 0.15 0.15 0.15 0.15 0.15 0.15 0.15 0.15 0.15 0.15 0.14 0.14 0.14 0.14 0.14 0.14 0.14 0.14 0.14 0.14 0.14 0.14 0.14 0.14 0.14 0.13 0.13 0.13 0.13 0.13 0.13 0.13 0.13 0.13 0.13 0.13 0.13 0.13 0.13 0.13 0.13 0.13 0.13 0.13 0.13 0.13 0.12 0.12 0.12 0.12 0.12 0.12 0.12 0.12 0.12 0.12 0.12 0.12 0.12 0.12 0.12 0.12 0.12 0.12 0.12 0.12 0.12 0.12 0.12 0.12 0.12 0.12 0.12 0.12 0.12 0.11 0.11 0.11 0.11 0.11 0.11 0.11 0.11
0.17 0.17 0.17 0.17 0.17 0.16 0.16 0.16 0.16 0.16 0.16 0.16 0.16 0.16 0.15 0.15 0.15 0.15 0.15 0.15 0.15 0.15 0.15 0.15 0.15 0.15 0.14 0.14 0.14 0.14 0.14 0.14 0.14 0.14 0.14 0.14 0.14 0.14 0.14 0.14 0.14 0.13 0.13 0.13 0.13 0.13 0.13 0.13 0.13 0.13 0.13 0.13 0.13 0.13 0.13 0.13 0.13 0.13 0.13 0.13 0.13 0.13 0.12 0.12 0.12 0.12 0.12 0.12 0.12 0.12 0.12 0.12 0.12 0.12 0.12 0.12 0.12 0.12 0.12 0.12 0.12 0.12 0.12 0.12 0.12 0.12 0.12 0.12 0.12 0.11 0.11 0.11 0.11 0.11 0.11 0.11 0.11 0.11 0.11 0.11
0.17 0.17 0.17 0.17 0.17 0.16 0.16 0.16 0.16 0.16 0.16 0.16 0.16 0.16 0.15 0.15 0.15 0.15 0.15 0.15 0.15 0.15 0.15 0.15 0.15 0.15 0.14 0.14 0.14 0.14 0.14 0.14 0.14 0.14 0.14 0.14 0.14 0.14 0.14 0.14 0.13 0.13 0.13 0.13 0.13 0.13 0.13 0.13 0.13 0.13 0.13 0.13 0.13 0.13 0.13 0.13 0.13 0.13 0.13 0.13 0.13 0.12 0.12 0.12 0.12 0.12 0.12 0.12 0.12 0.12 0.12 0.12 0.12 0.12 0.12 0.12 0.12 0.12 0.12 0.12 0.12 0.12 0.12 0.12 0.12 0.12 0.12 0.12 0.11 0.11 0.11 0.11 0.11 0.11 0.11 0.11 0.11 0.11 0.11 0.11
0.17 0.17 0.17 0.17 0.17 0.17 0.16 0.16 0.16 0.16 0.16 0.16 0.16 0.16 0.16 0.15 0.15 0.15 0.15 0.15 0.15 0.15 0.15 0.15 0.15 0.15 0.15 0.14 0.14 0.14 0.14 0.14 0.14 0.14 0.14 0.14 0.14 0.14 0.14 0.14 0.14 0.14 0.13 0.13 0.13 0.13 0.13 0.13 0.13 0.13 0.13 0.13 0.13 0.13 0.13 0.13 0.13 0.13 0.13 0.13 0.13 0.13 0.13 0.12 0.12 0.12 0.12 0.12 0.12 0.12 0.12 0.12 0.12 0.12 0.12 0.12 0.12 0.12 0.12 0.12 0.12 0.12 0.12 0.12 0.12 0.12 0.12 0.12 0.12 0.12 0.12 0.11 0.11 0.11 0.11 0.11 0.11 0.11 0.11 0.11
0.17 0.17 0.17 0.17 0.17 0.17 0.17 0.16 0.16 0.16 0.16 0.16 0.16 0.16 0.16 0.16 0.15 0.15 0.15 0.15 0.15 0.15 0.15 0.15 0.15 0.15 0.15 0.15 0.14 0.14 0.14 0.14 0.14 0.14 0.14 0.14 0.14 0.14 0.14 0.14 0.14 0.14 0.14 0.14 0.13 0.13 0.13 0.13 0.13 0.13 0.13 0.13 0.13 0.13 0.13 0.13 0.13 0.13 0.13 0.13 0.13 0.13 0.13 0.13 0.13 0.12 0.12 0.12 0.12 0.12 0.12 0.12 0.12 0.12 0.12 0.12 0.12 0.12 0.12 0.12 0.12 0.12 0.12 0.12 0.12 0.12 0.12 0.12 0.12 0.12 0.12 0.12 0.12 0.12 0.11 0.11 0.11 0.11 0.11 0.11
0.17 0.17 0.17 0.17 0.17 0.17 0.17 0.16 0.16 0.16 0.16 0.16 0.16 0.16 0.16 0.16 0.16 0.15 0.15 0.15 0.15 0.15 0.15 0.15 0.15 0.15 0.15 0.15 0.15 0.14 0.14 0.14 0.14 0.14 0.14 0.14 0.14 0.14 0.14 0.14 0.14 0.14 0.14 0.14 0.13 0.13 0.13 0.13 0.13 0.13 0.13 0.13 0.13 0.13 0.13 0.13 0.13 0.13 0.13 0.13 0.13 0.13 0.13 0.13 0.13 0.12 0.12 0.12 0.12 0.12 0.12 0.12 0.12 0.12 0.12 0.12 0.12 0.12 0.12 0.12 0.12 0.12 0.12 0.12 0.12 0.12 0.12 0.12 0.12 0.12 0.12 0.12 0.12 0.12 0.12 0.11 0.11 0.11 0.11 0.11
0.17 0.17 0.17 0.17 0.17 0.16 0.16 0.16 0.16 0.16 0.16 0.16 0.16 0.16 0.15 0.15 0.15 0.15 0.15 0.15 0.15 0.15 0.15 0.15 0.15 0.15 0.14 0.14 0.14 0.14 0.14 0.14 0.14 0.14 0.14 0.14 0.14 0.14 0.14 0.14 0.14 0.13 0.13 0.13 0.13 0.13 0.13 0.13 0.13 0.13 0.13 0.13 0.13 0.13 0.13 0.13 0.13 0.13 0.13 0.13 0.13 0.13 0.12 0.12 0.12 0.12 0.12 0.12 0.12 0.12 0.12 0.12 0.12 0.12 0.12 0.12 0.12 0.12 0.12 0.12 0.12 0.12 0.12 0.12 0.12 0.12 0.12 0.12 0.12 0.11 0.11 0.11 0.11 0.11 0.11 0.11 0.11 0.11 0.11 0.11
0.17 0.17 0.17 0.17 0.17 0.16 0.16 0.16 0.16 0.16 0.16 0.16 0.16 0.16 0.15 0.15 0.15 0.15 0.15 0.15 0.15 0.15 0.15 0.15 0.15 0.14 0.14 0.14 0.14 0.14 0.14 0.14 0.14 0.14 0.14 0.14 0.14 0.14 0.14 0.14 0.13 0.13 0.13 0.13 0.13 0.13 0.13 0.13 0.13 0.13 0.13 0.13 0.13 0.13 0.13 0.13 0.13 0.13 0.13 0.13 0.12 0.12 0.12 0.12 0.12 0.12 0.12 0.12 0.12 0.12 0.12 0.12 0.12 0.12 0.12 0.12 0.12 0.12 0.12 0.12 0.12 0.12 0.12 0.12 0.12 0.12 0.12 0.11 0.11 0.11 0.11 0.11 0.11 0.11 0.11 0.11 0.11 0.11 0.11 0.11
0.17 0.17 0.17 0.17 0.17 0.16 0.16 0.16 0.16 0.16 0.16 0.16 0.16 0.16 0.15 0.15 0.15 0.15 0.15 0.15 0.15 0.15 0.15 0.15 0.15 0.14 0.14 0.14 0.14 0.14 0.14 0.14 0.14 0.14 0.14 0.14 0.14 0.14 0.14 0.14 0.13 0.13 0.13 0.13 0.13 0.13 0.13 0.13 0.13 0.13 0.13 0.13 0.13 0.13 0.13 0.13 0.13 0.13 0.13 0.13 0.12 0.12 0.12 0.12 0.12 0.12 0.12 0.12 0.12 0.12 0.12 0.12 0.12 0.12 0.12 0.12 0.12 0.12 0.12 0.12 0.12 0.12 0.12 0.12 0.12 0.12 0.12 0.11 0.11 0.11 0.11 0.11 0.11 0.11 0.11 0.11 0.11 0.11 0.11 0.11
0.17 0.17 0.17 0.17 0.17 0.16 0.16 0.16 0.16 0.16 0.16 0.16 0.16 0.16 0.15 0.15 0.15 0.15 0.15 0.15 0.15 0.15 0.15 0.15 0.15 0.15 0.14 0.14 0.14 0.14 0.14 0.14 0.14 0.14 0.14 0.14 0.14 0.14 0.14 0.14 0.13 0.13 0.13 0.13 0.13 0.13 0.13 0.13 0.13 0.13 0.13 0.13 0.13 0.13 0.13 0.13 0.13 0.13 0.13 0.13 0.12 0.12 0.12 0.12 0.12 0.12 0.12 0.12 0.12 0.12 0.12 0.12 0.12 0.12 0.12 0.12 0.12 0.12 0.12 0.12 0.12 0.12 0.12 0.12 0.12 0.12 0.12 0.12 0.11 0.11 0.11 0.11 0.11 0.11 0.11 0.11 0.11 0.11 0.11 0.11
0.17 0.17 0.17 0.17 0.17 0.17 0.17 0.16 0.16 0.16 0.16 0.16 0.16 0.16 0.16 0.16 0.15 0.15 0.15 0.15 0.15 0.15 0.15 0.15 0.15 0.15 0.15 0.15 0.14 0.14 0.14 0.14 0.14 0.14 0.14 0.14 0.14 0.14 0.14 0.14 0.14 0.14 0.14 0.13 0.13 0.13 0.13 0.13 0.13 0.13 0.13 0.13 0.13 0.13 0.13 0.13 0.13 0.13 0.13 0.13 0.13 0.13 0.13 0.13 0.12 0.12 0.12 0.12 0.12 0.12 0.12 0.12 0.12 0.12 0.12 0.12 0.12 0.12 0.12 0.12 0.12 0.12 0.12 0.12 0.12 0.12 0.12 0.12 0.12 0.12 0.12 0.12 0.11 0.11 0.11 0.11 0.11 0.11 0.11 0.11
0.18 0.18 0.17 0.17 0.17 0.17 0.17 0.17 0.17 0.16 0.16 0.16 0.16 0.16 0.16 0.16 0.16 0.16 0.16 0.15 0.15 0.15 0.15 0.15 0.15 0.15 0.15 0.15 0.15 0.15 0.15 0.15 0.14 0.14 0.14 0.14 0.14 0.14 0.14 0.14 0.14 0.14 0.14 0.14 0.14 0.14 0.14 0.14 0.13 0.13 0.13 0.13 0.13 0.13 0.13 0.13 0.13 0.13 0.13 0.13 0.13 0.13 0.13 0.13 0.13 0.13 0.13 0.13 0.13 0.13 0.12 0.12 0.12 0.12 0.12 0.12 0.12 0.12 0.12 0.12 0.12 0.12 0.12 0.12 0.12 0.12 0.12 0.12 0.12 0.12 0.12 0.12 0.12 0.12 0.12 0.12 0.12 0.12 0.12 0.12
0.18 0.18 0.18 0.18 0.18 0.17 0.17 0.17 0.17 0.17 0.17 0.17 0.17 0.17 0.16 0.16 0.16 0.16 0.16 0.16 0.16 0.16 0.16 0.16 0.16 0.16 0.15 0.15 0.15 0.15 0.15 0.15 0.15 0.15 0.15 0.15 0.15 0.15 0.15 0.15 0.14 0.14 0.14 0.14 0.14 0.14 0.14 0.14 0.14 0.14 0.14 0.14 0.14 0.14 0.14 0.14 0.14 0.14 0.14 0.13 0.13 0.13 0.13 0.13 0.13 0.13 0.13 0.13 0.13 0.13 0.13 0.13 0.13 0.13 0.13 0.13 0.13 0.13 0.13 0.13 0.13 0.13 0.13 0.13 0.12 0.12 0.12 0.12 0.12 0.12 0.12 0.12 0.12 0.12 0.12 0.12 0.12 0.12 0.12 0.12
0.19 0.19 0.19 0.19 0.19 0.18 0.18 0.18 0.18 0.18 0.18 0.18 0.18 0.17 0.17 0.17 0.17 0.17 0.17 0.17 0.17 0.17 0.17 0.17 0.16 0.16 0.16 0.16 0.16 0.16 0.16 0.16 0.16 0.16 0.16 0.16 0.16 0.16 0.15 0.15 0.15 0.15 0.15 0.15 0.15 0.15 0.15 0.15 0.15 0.15 0.15 0.15 0.15 0.15 0.15 0.14 0.14 0.14 0.14 0.14 0.14 0.14 0.14 0.14 0.14 0.14 0.14 0.14 0.14 0.14 0.14 0.14 0.14 0.14 0.14 0.14 0.14 0.14 0.14 0.13 0.13 0.13 0.13 0.13 0.13 0.13 0.13 0.13 0.13 0.13 0.13 0.13 0.13 0.13 0.13 0.13 0.13 0.13 0.13 0.13
0.23 0.23 0.23 0.23 0.22 0.22 0.22 0.22 0.22 0.22 0.22 0.21 0.21 0.21 0.21 0.21 0.21 0.21 0.21 0.21 0.2 0.2 0.2 0.2 0.2 0.2 0.2 0.2 0.2 0.2 0.2 0.2 0.19 0.19 0.19 0.19 0.19 0.19 0.19 0.19 0.19 0.19 0.19 0.19 0.19 0.19 0.18 0.18 0.18 0.18 0.18 0.18 0.18 0.18 0.18 0.18 0.18 0.18 0.18 0.18 0.18 0.18 0.18 0.18 0.17 0.17 0.17 0.17 0.17 0.17 0.17 0.17 0.17 0.17 0.17 0.17 0.17 0.17 0.17 0.17 0.17 0.17 0.17 0.17 0.17 0.16 0.16 0.16 0.16 0.16 0.16 0.16 0.16 0.16 0.16 0.16 0.16 0.16 0.16 0.16
0.34 0.34 0.34 0.34 0.34 0.33 0.33 0.33 0.33 0.33 0.33 0.32 0.32 0.32 0.32 0.32 0.32 0.32 0.31 0.31 0.31 0.31 0.31 0.31 0.31 0.31 0.3 0.3 0.3 0.3 0.3 0.3 0.3 0.3 0.29 0.29 0.29 0.29 0.29 0.29 0.29 0.29 0.29 0.29 0.28 0.28 0.28 0.28 0.28 0.28 0.28 0.28 0.28 0.28 0.28 0.28 0.27 0.27 0.27 0.27 0.27 0.27 0.27 0.27 0.27 0.27 0.27 0.27 0.26 0.26 0.26 0.26 0.26 0.26 0.26 0.26 0.26 0.26 0.26 0.26 0.26 0.26 0.26 0.25 0.25 0.25 0.25 0.25 0.25 0.25 0.25 0.25 0.25 0.25 0.25 0.25 0.25 0.25 0.25 0.24
1.66 1.65 1.61 1.6 1.57 1.56 1.54 1.51 1.51 1.48 1.48 1.45 1.43 1.42 1.4 1.39 1.38 1.35 1.34 1.33 1.31 1.3 1.29 1.28 1.26 1.26 1.24 1.24 1.22 1.21 1.19 1.19 1.17 1.17 1.16 1.14 1.13 1.13 1.12 1.11 1.1 1.09 1.08 1.08 1.07 1.06 1.05 1.05 1.04 1.03 1.02 1.01 1 1 0.99 0.99 0.98 0.97 0.97 0.96 0.95 0.95 0.94 0.94 0.93 0.92 0.92 0.91 0.91 0.9 0.89 0.89 0.89 0.88 0.87 0.87 0.87 0.86 0.86 0.85 0.85 0.84 0.84 0.83 0.82 0.82 0.82 0.81 0.81 0.81 0.8 0.8 0.79 0.79 0.78 0.78 0.78 0.77 0.77 0.76
3.83 3.81 3.63 3.59 3.46 3.39 3.34 3.22 3.19 3.1 3.07 2.99 2.9 2.87 2.8 2.76 2.72 2.64 2.61 2.56 2.51 2.48 2.43 2.4 2.36 2.35 2.31 2.29 2.24 2.22 2.16 2.16 2.11 2.1 2.06 2.03 2 1.99 1.96 1.93 1.91 1.9 1.87 1.86 1.83 1.81 1.79 1.78 1.76 1.74 1.72 1.7 1.68 1.67 1.66 1.64 1.62 1.61 1.59 1.58 1.57 1.56 1.54 1.52 1.51 1.49 1.48 1.47 1.46 1.44 1.43 1.42 1.42 1.4 1.39 1.38 1.37 1.36 1.35 1.34 1.33 1.32 1.31 1.3 1.29 1.28 1.28 1.26 1.26 1.25 1.24 1.23 1.23 1.21 1.21 1.2 1.19 1.18 1.18 1.17
5.29 5.26 4.94 4.87 4.66 4.54 4.46 4.27 4.22 4.07 4.03 3.9 3.76 3.71 3.61 3.56 3.49 3.37 3.33 3.26 3.19 3.14 3.07 3.02 2.96 2.94 2.89 2.86 2.79 2.77 2.69 2.68 2.61 2.6 2.54 2.5 2.47 2.45 2.4 2.37 2.34 2.32 2.28 2.27 2.22 2.2 2.17 2.17 2.13 2.11 2.08 2.06 2.03 2.01 2 1.98 1.94 1.94 1.91 1.89 1.88 1.87 1.84 1.82 1.81 1.78 1.77 1.76 1.74 1.72 1.71 1.69 1.69 1.66 1.65 1.63 1.63 1.61 1.6 1.59 1.58 1.56 1.55 1.53 1.52 1.51 1.51 1.49 1.48 1.47 1.46 1.45 1.44 1.43 1.42 1.41 1.4 1.39 1.38 1.37
6.25 6.21 5.8 5.71 5.44 5.28 5.19 4.94 4.88 4.69 4.64 4.48 4.31 4.25 4.12 4.06 3.98 3.84 3.78 3.7 3.61 3.55 3.47 3.41 3.34 3.32 3.25 3.22 3.13 3.11 3.01 3 2.92 2.91 2.84 2.79 2.75 2.73 2.67 2.64 2.61 2.58 2.54 2.52 2.47 2.44 2.41 2.4 2.36 2.33 2.3 2.27 2.24 2.22 2.21 2.18 2.15 2.14 2.11 2.09 2.07 2.06 2.03 2.01 1.99 1.96 1.95 1.93 1.92 1.89 1.88 1.86 1.85 1.82 1.81 1.79 1.78 1.76 1.75 1.74 1.73 1.71 1.7 1.67 1.66 1.65 1.65 1.63 1.62 1.61 1.59 1.58 1.57 1.56 1.55 1.53 1.52 1.51 1.5 1.49
6.77 6.72 6.25 6.15 5.85 5.68 5.57 5.3 5.22 5.02 4.96 4.78 4.6 4.53 4.39 4.32 4.23 4.08 4.02 3.92 3.83 3.76 3.67 3.62 3.53 3.51 3.44 3.4 3.31 3.28 3.18 3.17 3.08 3.07 3 2.95 2.9 2.88 2.82 2.78 2.74 2.71 2.67 2.65 2.6 2.57 2.53 2.53 2.48 2.45 2.42 2.39 2.35 2.33 2.32 2.29 2.25 2.24 2.21 2.19 2.17 2.15 2.12 2.1 2.08 2.05 2.04 2.02 2.01 1.98 1.96 1.95 1.94 1.9 1.9 1.87 1.86 1.84 1.83 1.82 1.8 1.79 1.77 1.75 1.73 1.72 1.72 1.7 1.69 1.68 1.66 1.65 1.64 1.62 1.61 1.6 1.59 1.58 1.57 1.55
6.86 6.81 6.34 6.23 5.93 5.75 5.64 5.36 5.28 5.08 5.02 4.84 4.65 4.58 4.44 4.36 4.28 4.12 4.06 3.96 3.87 3.8 3.71 3.65 3.57 3.55 3.47 3.43 3.34 3.32 3.21 3.2 3.11 3.1 3.03 2.97 2.93 2.91 2.84 2.8 2.77 2.74 2.69 2.67 2.62 2.59 2.55 2.55 2.5 2.47 2.44 2.41 2.38 2.35 2.34 2.31 2.27 2.26 2.23 2.2 2.19 2.17 2.14 2.12 2.1 2.07 2.06 2.04 2.02 1.99 1.98 1.96 1.95 1.92 1.91 1.89 1.88 1.86 1.85 1.84 1.82 1.8 1.79 1.76 1.75 1.73 1.73 1.71 1.7 1.69 1.67 1.67 1.65 1.63 1.62 1.61 1.6 1.59 1.58 1.57
6.76 6.71 6.25 6.15 5.84 5.67 5.56 5.29 5.22 5.01 4.96 4.78 4.59 4.53 4.39 4.31 4.23 4.07 4.01 3.92 3.82 3.76 3.67 3.61 3.53 3.51 3.44 3.4 3.31 3.28 3.18 3.17 3.08 3.07 3 2.94 2.9 2.88 2.81 2.78 2.74 2.71 2.67 2.65 2.6 2.56 2.53 2.53 2.48 2.45 2.42 2.39 2.35 2.33 2.32 2.29 2.25 2.24 2.21 2.19 2.17 2.15 2.12 2.1 2.08 2.05 2.04 2.02 2.01 1.98 1.96 1.95 1.94 1.9 1.9 1.87 1.87 1.84 1.83 1.82 1.8 1.79 1.77 1.75 1.73 1.72 1.72 1.7 1.69 1.68 1.66 1.65 1.64 1.62 1.61 1.6 1.59 1.58 1.57 1.55
6.52 6.47 6.04 5.94 5.66 5.49 5.39 5.13 5.06 4.87 4.81 4.64 4.46 4.4 4.27 4.2 4.11 3.96 3.91 3.82 3.72 3.66 3.58 3.52 3.44 3.42 3.35 3.32 3.23 3.2 3.1 3.09 3.01 2.99 2.93 2.88 2.83 2.81 2.75 2.71 2.68 2.65 2.61 2.59 2.54 2.51 2.47 2.47 2.42 2.4 2.37 2.34 2.31 2.28 2.27 2.24 2.2 2.19 2.17 2.14 2.13 2.11 2.08 2.06 2.04 2.01 2 1.98 1.97 1.94 1.92 1.91 1.9 1.87 1.86 1.83 1.83 1.81 1.8 1.79 1.77 1.75 1.74 1.72 1.7 1.69 1.69 1.67 1.66 1.65 1.63 1.62 1.61 1.59 1.58 1.57 1.56 1.55 1.54 1.53
6.16 6.12 5.72 5.63 5.37 5.21 5.12 4.88 4.82 4.64 4.59 4.43 4.26 4.2 4.08 4.01 3.93 3.8 3.74 3.66 3.57 3.51 3.44 3.38 3.31 3.29 3.22 3.19 3.11 3.08 2.99 2.97 2.89 2.88 2.82 2.77 2.73 2.71 2.65 2.62 2.59 2.56 2.52 2.5 2.45 2.42 2.39 2.39 2.34 2.32 2.29 2.26 2.23 2.21 2.19 2.17 2.13 2.12 2.1 2.07 2.06 2.04 2.02 2 1.98 1.95 1.94 1.92 1.9 1.88 1.86 1.85 1.84 1.81 1.8 1.78 1.77 1.75 1.74 1.73 1.72 1.7 1.69 1.66 1.65 1.64 1.64 1.62 1.61 1.6 1.58 1.58 1.56 1.55 1.54 1.53 1.52 1.51 1.5 1.48
5.73 5.69 5.34 5.26 5.02 4.89 4.8 4.59 4.53 4.36 4.32 4.17 4.02 3.97 3.85 3.79 3.72 3.59 3.55 3.47 3.39 3.33 3.26 3.21 3.14 3.12 3.06 3.03 2.96 2.93 2.85 2.83 2.76 2.75 2.69 2.64 2.61 2.59 2.53 2.5 2.47 2.45 2.41 2.39 2.35 2.32 2.29 2.28 2.24 2.22 2.19 2.16 2.14 2.11 2.1 2.08 2.04 2.04 2.01 1.99 1.97 1.96 1.93 1.92 1.9 1.87 1.86 1.84 1.83 1.81 1.79 1.78 1.77 1.74 1.73 1.71 1.71 1.69 1.68 1.67 1.65 1.64 1.63 1.6 1.59 1.58 1.58 1.56 1.55 1.54 1.52 1.52 1.51 1.49 1.48 1.47 1.46 1.45 1.44 1.43
5.29 5.26 4.95 4.88 4.67 4.55 4.47 4.28 4.23 4.08 4.04 3.91 3.77 3.73 3.62 3.57 3.5 3.39 3.34 3.27 3.2 3.15 3.08 3.04 2.97 2.96 2.9 2.87 2.8 2.78 2.7 2.69 2.62 2.61 2.56 2.51 2.48 2.46 2.41 2.38 2.35 2.33 2.29 2.28 2.24 2.21 2.18 2.18 2.14 2.12 2.09 2.07 2.04 2.02 2.01 1.99 1.95 1.95 1.92 1.9 1.89 1.87 1.85 1.83 1.82 1.79 1.78 1.76 1.75 1.73 1.72 1.7 1.69 1.67 1.66 1.64 1.64 1.62 1.61 1.6 1.59 1.57 1.56 1.54 1.53 1.52 1.51 1.5 1.49 1.48 1.46 1.46 1.45 1.43 1.43 1.41 1.4 1.4 1.39 1.38
4.92 4.89 4.62 4.56 4.37 4.26 4.19 4.02 3.97 3.84 3.8 3.68 3.56 3.52 3.42 3.37 3.31 3.21 3.17 3.1 3.03 2.99 2.93 2.88 2.82 2.81 2.76 2.73 2.67 2.65 2.57 2.56 2.5 2.49 2.44 2.4 2.36 2.35 2.3 2.27 2.25 2.23 2.19 2.18 2.14 2.12 2.09 2.09 2.05 2.03 2 1.98 1.96 1.94 1.93 1.91 1.87 1.87 1.84 1.83 1.81 1.8 1.78 1.76 1.74 1.72 1.71 1.7 1.69 1.66 1.65 1.64 1.63 1.61 1.6 1.58 1.58 1.56 1.55 1.54 1.53 1.51 1.5 1.48 1.47 1.46 1.46 1.44 1.43 1.43 1.41 1.41 1.4 1.38 1.38 1.36 1.36 1.35 1.34 1.33
4.58 4.55 4.31 4.25 4.09 3.99 3.93 3.77 3.73 3.61 3.58 3.47 3.36 3.32 3.23 3.19 3.13 3.03 3 2.94 2.87 2.83 2.78 2.74 2.68 2.67 2.62 2.6 2.54 2.52 2.45 2.44 2.38 2.37 2.33 2.29 2.26 2.24 2.2 2.17 2.15 2.13 2.1 2.08 2.05 2.02 2 2 1.96 1.94 1.92 1.9 1.87 1.86 1.85 1.83 1.8 1.79 1.77 1.75 1.74 1.73 1.71 1.69 1.68 1.65 1.65 1.63 1.62 1.6 1.59 1.58 1.57 1.55 1.54 1.52 1.52 1.5 1.49 1.48 1.47 1.46 1.45 1.43 1.42 1.41 1.41 1.39 1.38 1.37 1.36 1.36 1.35 1.33 1.33 1.32 1.31 1.3 1.29 1.28
4.25 4.23 4.02 3.97 3.82 3.73 3.68 3.54 3.5 3.39 3.36 3.27 3.17 3.13 3.05 3.01 2.96 2.87 2.84 2.78 2.73 2.69 2.64 2.6 2.55 2.54 2.49 2.47 2.42 2.4 2.33 2.33 2.27 2.26 2.22 2.18 2.16 2.14 2.1 2.08 2.05 2.04 2.01 1.99 1.96 1.94 1.91 1.91 1.88 1.86 1.84 1.82 1.8 1.78 1.77 1.75 1.73 1.72 1.7 1.68 1.67 1.66 1.64 1.63 1.61 1.59 1.58 1.57 1.56 1.54 1.53 1.52 1.51 1.49 1.48 1.46 1.46 1.45 1.44 1.43 1.42 1.4 1.4 1.38 1.37 1.36 1.36 1.34 1.33 1.33 1.31 1.31 1.3 1.29 1.28 1.27 1.26 1.25 1.25 1.24
3.96 3.94 3.75 3.71 3.57 3.5 3.45 3.32 3.29 3.19 3.17 3.08 2.99 2.95 2.88 2.84 2.8 2.72 2.69 2.64 2.59 2.55 2.5 2.47 2.42 2.41 2.37 2.35 2.3 2.28 2.22 2.22 2.17 2.16 2.12 2.09 2.06 2.05 2.01 1.99 1.96 1.95 1.92 1.91 1.88 1.86 1.83 1.83 1.8 1.79 1.76 1.74 1.72 1.71 1.7 1.68 1.66 1.65 1.63 1.62 1.61 1.6 1.58 1.56 1.55 1.53 1.52 1.51 1.5 1.48 1.47 1.46 1.45 1.43 1.43 1.41 1.41 1.39 1.39 1.38 1.37 1.35 1.35 1.33 1.32 1.31 1.31 1.3 1.29 1.28 1.27 1.26 1.25 1.24 1.24 1.23 1.22 1.21 1.21 1.2
3.63 3.61 3.45 3.41 3.3 3.23 3.19 3.08 3.05 2.96 2.94 2.86 2.78 2.75 2.69 2.66 2.62 2.54 2.52 2.47 2.42 2.39 2.35 2.32 2.28 2.27 2.23 2.21 2.17 2.15 2.1 2.09 2.04 2.04 2 1.97 1.95 1.94 1.9 1.88 1.86 1.84 1.82 1.81 1.78 1.76 1.74 1.74 1.71 1.7 1.68 1.66 1.64 1.62 1.62 1.6 1.58 1.57 1.55 1.54 1.53 1.52 1.5 1.49 1.48 1.46 1.45 1.44 1.43 1.41 1.4 1.39 1.39 1.37 1.36 1.35 1.34 1.33 1.32 1.32 1.31 1.3 1.29 1.27 1.26 1.25 1.25 1.24 1.23 1.23 1.21 1.21 1.2 1.19 1.18 1.18 1.17 1.16 1.16 1.15
3.32 3.3 3.16 3.13 3.03 2.98 2.94 2.84 2.82 2.74 2.72 2.66 2.58 2.56 2.5 2.47 2.44 2.37 2.35 2.31 2.27 2.24 2.2 2.18 2.14 2.13 2.1 2.08 2.04 2.02 1.97 1.97 1.93 1.92 1.89 1.86 1.84 1.83 1.8 1.78 1.76 1.74 1.72 1.71 1.68 1.67 1.65 1.65 1.62 1.61 1.59 1.57 1.56 1.54 1.54 1.52 1.5 1.49 1.48 1.46 1.46 1.45 1.43 1.42 1.41 1.39 1.38 1.37 1.36 1.35 1.34 1.33 1.32 1.31 1.3 1.29 1.28 1.27 1.26 1.26 1.25 1.24 1.23 1.21 1.21 1.2 1.2 1.19 1.18 1.17 1.16 1.16 1.15 1.14 1.13 1.13 1.12 1.11 1.11 1.1
3.04 3.03 2.91 2.88 2.8 2.75 2.71 2.63 2.61 2.54 2.53 2.47 2.4 2.38 2.33 2.31 2.27 2.22 2.2 2.16 2.12 2.1 2.06 2.04 2.01 2 1.97 1.95 1.91 1.9 1.86 1.85 1.82 1.81 1.78 1.76 1.74 1.73 1.7 1.68 1.66 1.65 1.63 1.62 1.6 1.58 1.56 1.56 1.54 1.53 1.51 1.49 1.48 1.47 1.46 1.45 1.43 1.42 1.41 1.39 1.38 1.38 1.36 1.35 1.34 1.32 1.32 1.31 1.3 1.28 1.28 1.27 1.26 1.25 1.24 1.23 1.22 1.21 1.21 1.2 1.19 1.18 1.18 1.16 1.15 1.15 1.14 1.13 1.13 1.12 1.11 1.11 1.1 1.09 1.09 1.08 1.07 1.07 1.06 1.05
2.79 2.78 2.68 2.65 2.58 2.54 2.51 2.44 2.42 2.36 2.35 2.29 2.24 2.22 2.18 2.15 2.12 2.07 2.05 2.02 1.99 1.97 1.94 1.92 1.88 1.88 1.85 1.84 1.8 1.79 1.75 1.75 1.71 1.71 1.68 1.66 1.64 1.63 1.61 1.59 1.57 1.56 1.54 1.53 1.51 1.5 1.48 1.48 1.46 1.45 1.43 1.42 1.4 1.39 1.39 1.37 1.36 1.35 1.34 1.33 1.32 1.31 1.3 1.29 1.28 1.26 1.26 1.25 1.24 1.23 1.22 1.21 1.21 1.19 1.19 1.17 1.17 1.16 1.15 1.15 1.14 1.13 1.12 1.11 1.1 1.1 1.1 1.09 1.08 1.07 1.06 1.06 1.06 1.05 1.04 1.03 1.03 1.02 1.02 1.01
2.58 2.57 2.48 2.46 2.4 2.36 2.33 2.27 2.25 2.2 2.19 2.14 2.09 2.08 2.04 2.02 1.99 1.95 1.93 1.9 1.87 1.85 1.82 1.8 1.78 1.77 1.75 1.73 1.7 1.69 1.66 1.65 1.62 1.62 1.59 1.57 1.55 1.55 1.52 1.51 1.49 1.48 1.47 1.46 1.44 1.42 1.41 1.41 1.39 1.38 1.36 1.35 1.34 1.33 1.32 1.31 1.29 1.29 1.28 1.27 1.26 1.25 1.24 1.23 1.22 1.21 1.2 1.19 1.19 1.17 1.17 1.16 1.15 1.14 1.14 1.12 1.12 1.11 1.11 1.1 1.09 1.08 1.08 1.07 1.06 1.05 1.05 1.04 1.04 1.03 1.02 1.02 1.01 1 1 0.99 0.99 0.98 0.98 0.97
2.39 2.38 2.3 2.28 2.23 2.2 2.18 2.12 2.1 2.06 2.05 2.01 1.96 1.95 1.91 1.89 1.87 1.83 1.82 1.79 1.76 1.75 1.72 1.7 1.68 1.67 1.65 1.64 1.61 1.6 1.57 1.57 1.54 1.53 1.51 1.49 1.48 1.47 1.45 1.43 1.42 1.41 1.4 1.39 1.37 1.36 1.34 1.34 1.32 1.31 1.3 1.29 1.28 1.27 1.26 1.25 1.24 1.23 1.22 1.21 1.2 1.2 1.19 1.18 1.17 1.15 1.15 1.14 1.14 1.12 1.12 1.11 1.11 1.09 1.09 1.08 1.08 1.07 1.06 1.06 1.05 1.04 1.03 1.02 1.02 1.01 1.01 1 1 0.99 0.98 0.98 0.97 0.97 0.96 0.95 0.95 0.95 0.94 0.93
2.22 2.22 2.15 2.13 2.08 2.05 2.04 1.99 1.97 1.93 1.92 1.89 1.85 1.83 1.8 1.78 1.76 1.73 1.71 1.69 1.67 1.65 1.63 1.61 1.59 1.58 1.56 1.55 1.53 1.52 1.49 1.49 1.46 1.46 1.44 1.42 1.4 1.4 1.38 1.37 1.35 1.34 1.33 1.32 1.31 1.29 1.28 1.28 1.26 1.26 1.24 1.23 1.22 1.21 1.21 1.2 1.18 1.18 1.17 1.16 1.15 1.15 1.14 1.13 1.12 1.11 1.1 1.09 1.09 1.08 1.07 1.07 1.06 1.05 1.05 1.04 1.03 1.02 1.02 1.01 1.01 1 0.99 0.98 0.98 0.97 0.97 0.96 0.96 0.95 0.95 0.94 0.94 0.93 0.93 0.92 0.92 0.91 0.91 0.9
2.08 2.07 2.01 2 1.95 1.93 1.91 1.87 1.85 1.82 1.81 1.78 1.74 1.73 1.7 1.69 1.67 1.63 1.62 1.6 1.58 1.56 1.54 1.53 1.51 1.5 1.49 1.48 1.45 1.45 1.42 1.41 1.39 1.39 1.37 1.35 1.34 1.33 1.31 1.3 1.29 1.28 1.27 1.26 1.25 1.24 1.23 1.23 1.21 1.2 1.19 1.18 1.17 1.16 1.16 1.15 1.13 1.13 1.12 1.11 1.11 1.1 1.09 1.08 1.07 1.06 1.06 1.05 1.05 1.04 1.03 1.02 1.02 1.01 1.01 1 0.99 0.99 0.98 0.98 0.97 0.96 0.96 0.95 0.94 0.94 0.94 0.93 0.92 0.92 0.91 0.91 0.9 0.9 0.89 0.89 0.88 0.88 0.87 0.87
1.94 1.94 1.89 1.87 1.83 1.81 1.8 1.76 1.75 1.71 1.71 1.68 1.64 1.63 1.61 1.59 1.58 1.55 1.54 1.52 1.5 1.48 1.47 1.45 1.43 1.43 1.41 1.4 1.38 1.38 1.35 1.35 1.32 1.32 1.3 1.29 1.28 1.27 1.25 1.24 1.23 1.23 1.21 1.21 1.19 1.18 1.17 1.17 1.16 1.15 1.14 1.13 1.12 1.11 1.11 1.1 1.09 1.08 1.07 1.07 1.06 1.06 1.05 1.04 1.03 1.02 1.02 1.01 1.01 1 0.99 0.99 0.98 0.97 0.97 0.96 0.96 0.95 0.94 0.94 0.93 0.93 0.92 0.91 0.91 0.9 0.9 0.9 0.89 0.89 0.88 0.88 0.87 0.87 0.86 0.86 0.85 0.85 0.84 0.84
1.81 1.8 1.76 1.75 1.71 1.69 1.68 1.64 1.63 1.61 1.6 1.57 1.54 1.53 1.51 1.5 1.48 1.46 1.45 1.43 1.41 1.4 1.38 1.37 1.35 1.35 1.33 1.33 1.31 1.3 1.28 1.28 1.26 1.25 1.24 1.22 1.21 1.21 1.19 1.18 1.17 1.17 1.15 1.15 1.14 1.13 1.12 1.12 1.1 1.1 1.09 1.08 1.07 1.06 1.06 1.05 1.04 1.03 1.03 1.02 1.01 1.01 1 0.99 0.99 0.98 0.97 0.97 0.96 0.95 0.95 0.94 0.94 0.93 0.93 0.92 0.92 0.91 0.91 0.9 0.9 0.89 0.88 0.88 0.87 0.87 0.87 0.86 0.85 0.85 0.84 0.84 0.84 0.83 0.83 0.82 0.82 0.82 0.81 0.81
1.69 1.68 1.64 1.63 1.6 1.58 1.57 1.54 1.53 1.51 1.5 1.48 1.45 1.44 1.42 1.41 1.4 1.37 1.36 1.35 1.33 1.32 1.31 1.3 1.28 1.28 1.26 1.26 1.24 1.23 1.21 1.21 1.19 1.19 1.17 1.16 1.15 1.15 1.13 1.12 1.12 1.11 1.1 1.09 1.08 1.07 1.06 1.06 1.05 1.04 1.04 1.03 1.02 1.01 1.01 1 0.99 0.99 0.98 0.97 0.97 0.96 0.96 0.95 0.94 0.93 0.93 0.93 0.92 0.91 0.91 0.9 0.9 0.89 0.89 0.88 0.88 0.87 0.87 0.86 0.86 0.85 0.85 0.84 0.84 0.83 0.83 0.83 0.82 0.82 0.81 0.81 0.81 0.8 0.8 0.79 0.79 0.78 0.78 0.78
1.57 1.56 1.53 1.52 1.49 1.48 1.47 1.44 1.43 1.41 1.4 1.38 1.36 1.35 1.33 1.32 1.31 1.29 1.28 1.27 1.25 1.24 1.23 1.22 1.21 1.2 1.19 1.18 1.17 1.16 1.15 1.14 1.13 1.12 1.11 1.1 1.09 1.09 1.07 1.07 1.06 1.05 1.04 1.04 1.03 1.02 1.01 1.01 1 0.99 0.98 0.98 0.97 0.96 0.96 0.95 0.94 0.94 0.93 0.93 0.92 0.92 0.91 0.91 0.9 0.89 0.89 0.88 0.88 0.87 0.87 0.86 0.86 0.85 0.85 0.84 0.84 0.83 0.83 0.83 0.82 0.82 0.81 0.8 0.8 0.8 0.8 0.79 0.79 0.78 0.78 0.78 0.77 0.77 0.76 0.76 0.76 0.75 0.75 0.74
1.47 1.47 1.44 1.43 1.4 1.39 1.38 1.36 1.35 1.33 1.32 1.31 1.29 1.28 1.26 1.25 1.24 1.22 1.21 1.2 1.19 1.18 1.17 1.16 1.15 1.14 1.13 1.13 1.11 1.11 1.09 1.09 1.07 1.07 1.06 1.05 1.04 1.04 1.02 1.02 1.01 1 0.99 0.99 0.98 0.97 0.97 0.97 0.96 0.95 0.94 0.94 0.93 0.92 0.92 0.91 0.9 0.9 0.89 0.89 0.88 0.88 0.87 0.87 0.86 0.86 0.85 0.85 0.84 0.84 0.83 0.83 0.83 0.82 0.82 0.81 0.81 0.8 0.8 0.79 0.79 0.79 0.78 0.77 0.77 0.77 0.77 0.76 0.76 0.75 0.75 0.75 0.74 0.74 0.74 0.73 0.73 0.72 0.72 0.72
1.37 1.36 1.34 1.33 1.31 1.3 1.29 1.27 1.26 1.24 1.24 1.22 1.2 1.2 1.18 1.17 1.16 1.15 1.14 1.13 1.12 1.11 1.1 1.09 1.08 1.08 1.07 1.06 1.05 1.04 1.03 1.03 1.01 1.01 1 0.99 0.98 0.98 0.97 0.96 0.96 0.95 0.94 0.94 0.93 0.92 0.92 0.91 0.91 0.9 0.89 0.89 0.88 0.88 0.87 0.87 0.86 0.86 0.85 0.84 0.84 0.84 0.83 0.83 0.82 0.81 0.81 0.81 0.8 0.8 0.79 0.79 0.79 0.78 0.78 0.77 0.77 0.76 0.76 0.76 0.75 0.75 0.75 0.74 0.74 0.73 0.73 0.73 0.72 0.72 0.72 0.71 0.71 0.71 0.7 0.7 0.7 0.69 0.69 0.69
1.27 1.27 1.25 1.24 1.22 1.21 1.2 1.18 1.18 1.16 1.16 1.14 1.13 1.12 1.11 1.1 1.09 1.08 1.07 1.06 1.05 1.04 1.03 1.03 1.02 1.01 1 1 0.99 0.98 0.97 0.97 0.96 0.95 0.94 0.94 0.93 0.93 0.92 0.91 0.9 0.9 0.89 0.89 0.88 0.87 0.87 0.87 0.86 0.85 0.85 0.84 0.84 0.83 0.83 0.82 0.82 0.81 0.81 0.8 0.8 0.8 0.79 0.79 0.78 0.78 0.77 0.77 0.77 0.76 0.76 0.75 0.75 0.74 0.74 0.74 0.73 0.73 0.73 0.72 0.72 0.72 0.71 0.71 0.7 0.7 0.7 0.69 0.69 0.69 0.68 0.68 0.68 0.68 0.67 0.67 0.67 0.66 0.66 0.66
1.2 1.2 1.17 1.17 1.15 1.14 1.13 1.12 1.11 1.1 1.09 1.08 1.07 1.06 1.05 1.04 1.03 1.02 1.01 1.01 1 0.99 0.98 0.97 0.96 0.96 0.95 0.95 0.94 0.93 0.92 0.92 0.91 0.91 0.9 0.89 0.88 0.88 0.87 0.87 0.86 0.86 0.85 0.85 0.84 0.83 0.83 0.83 0.82 0.82 0.81 0.8 0.8 0.79 0.79 0.79 0.78 0.78 0.77 0.77 0.77 0.76 0.76 0.75 0.75 0.74 0.74 0.74 0.73 0.73 0.72 0.72 0.72 0.71 0.71 0.71 0.7 0.7 0.7 0.69 0.69 0.69 0.68 0.68 0.68 0.67 0.67 0.67 0.66 0.66 0.66 0.66 0.65 0.65 0.65 0.64 0.64 0.64 0.64 0.63
1.13 1.13 1.1 1.1 1.08 1.08 1.07 1.05 1.05 1.04 1.03 1.02 1.01 1 0.99 0.99 0.98 0.97 0.96 0.95 0.94 0.94 0.93 0.92 0.91 0.91 0.91 0.9 0.89 0.89 0.88 0.87 0.86 0.86 0.85 0.85 0.84 0.84 0.83 0.83 0.82 0.82 0.81 0.81 0.8 0.8 0.79 0.79 0.78 0.78 0.77 0.77 0.76 0.76 0.76 0.75 0.75 0.74 0.74 0.74 0.73 0.73 0.72 0.72 0.72 0.71 0.71 0.71 0.7 0.7 0.69 0.69 0.69 0.68 0.68 0.68 0.68 0.67 0.67 0.67 0.66 0.66 0.66 0.65 0.65 0.65 0.65 0.64 0.64 0.64 0.63 0.63 0.63 0.62 0.62 0.62 0.62 0.61 0.61 0.61
1.07 1.06 1.05 1.04 1.03 1.02 1.01 1 1 0.98 0.98 0.97 0.96 0.95 0.94 0.94 0.93 0.92 0.91 0.91 0.9 0.89 0.89 0.88 0.87 0.87 0.86 0.86 0.85 0.85 0.84 0.83 0.83 0.82 0.82 0.81 0.8 0.8 0.79 0.79 0.78 0.78 0.78 0.77 0.77 0.76 0.76 0.76 0.75 0.75 0.74 0.74 0.73 0.73 0.73 0.72 0.72 0.71 0.71 0.71 0.7 0.7 0.7 0.69 0.69 0.68 0.68 0.68 0.67 0.67 0.67 0.66 0.66 0.66 0.66 0.65 0.65 0.65 0.64 0.64 0.64 0.63 0.63 0.63 0.62 0.62 0.62 0.62 0.61 0.61 0.61 0.61 0.61 0.6 0.6 0.6 0.59 0.59 0.59 0.59
1.01 1 0.99 0.98 0.97 0.96 0.96 0.95 0.94 0.93 0.93 0.92 0.91 0.9 0.89 0.89 0.88 0.87 0.87 0.86 0.85 0.85 0.84 0.84 0.83 0.83 0.82 0.82 0.81 0.81 0.8 0.8 0.79 0.78 0.78 0.77 0.77 0.76 0.76 0.75 0.75 0.75 0.74 0.74 0.73 0.73 0.72 0.72 0.72 0.71 0.71 0.7 0.7 0.7 0.69 0.69 0.68 0.68 0.68 0.67 0.67 0.67 0.67 0.66 0.66 0.65 0.65 0.65 0.65 0.64 0.64 0.64 0.64 0.63 0.63 0.62 0.62 0.62 0.62 0.62 0.61 0.61 0.61 0.6 0.6 0.6 0.6 0.59 0.59 0.59 0.59 0.58 0.58 0.58 0.58 0.57 0.57 0.57 0.57 0.56
0.96 0.96 0.94 0.94 0.93 0.92 0.92 0.9 0.9 0.89 0.89 0.88 0.87 0.86 0.86 0.85 0.85 0.84 0.83 0.83 0.82 0.81 0.81 0.8 0.8 0.79 0.79 0.79 0.78 0.77 0.77 0.76 0.76 0.75 0.75 0.74 0.74 0.74 0.73 0.72 0.72 0.72 0.71 0.71 0.7 0.7 0.7 0.7 0.69 0.69 0.68 0.68 0.67 0.67 0.67 0.67 0.66 0.66 0.66 0.65 0.65 0.65 0.64 0.64 0.64 0.63 0.63 0.63 0.63 0.62 0.62 0.62 0.61 0.61 0.61 0.6 0.6 0.6 0.6 0.6 0.59 0.59 0.59 0.58 0.58 0.58 0.58 0.57 0.57 0.57 0.57 0.57 0.56 0.56 0.56 0.56 0.55 0.55 0.55 0.55
0.91 0.91 0.89 0.89 0.88 0.87 0.87 0.86 0.85 0.84 0.84 0.83 0.82 0.82 0.81 0.81 0.8 0.79 0.79 0.78 0.78 0.77 0.77 0.76 0.76 0.75 0.75 0.75 0.74 0.74 0.73 0.73 0.72 0.72 0.71 0.71 0.7 0.7 0.69 0.69 0.69 0.68 0.68 0.68 0.67 0.67 0.66 0.66 0.66 0.66 0.65 0.65 0.64 0.64 0.64 0.64 0.63 0.63 0.63 0.62 0.62 0.62 0.61 0.61 0.61 0.6 0.6 0.6 0.6 0.59 0.59 0.59 0.59 0.58 0.58 0.58 0.58 0.57 0.57 0.57 0.57 0.57 0.56 0.56 0.56 0.55 0.55 0.55 0.55 0.55 0.54 0.54 0.54 0.54 0.54 0.53 0.53 0.53 0.53 0.53
0.85 0.85 0.84 0.83 0.83 0.82 0.82 0.81 0.8 0.79 0.79 0.78 0.78 0.77 0.77 0.76 0.76 0.75 0.75 0.74 0.73 0.73 0.72 0.72 0.71 0.71 0.71 0.71 0.7 0.7 0.69 0.69 0.68 0.68 0.67 0.67 0.67 0.66 0.66 0.65 0.65 0.65 0.64 0.64 0.64 0.63 0.63 0.63 0.63 0.62 0.62 0.62 0.61 0.61 0.61 0.6 0.6 0.6 0.6 0.59 0.59 0.59 0.58 0.58 0.58 0.58 0.57 0.57 0.57 0.57 0.56 0.56 0.56 0.56 0.55 0.55 0.55 0.55 0.55 0.54 0.54 0.54 0.54 0.53 0.53 0.53 0.53 0.53 0.52 0.52 0.52 0.52 0.52 0.51 0.51 0.51 0.51 0.51 0.5 0.5
0.8 0.8 0.79 0.79 0.78 0.77 0.77 0.76 0.76 0.75 0.75 0.74 0.73 0.73 0.72 0.72 0.72 0.71 0.71 0.7 0.7 0.69 0.69 0.68 0.68 0.68 0.67 0.67 0.66 0.66 0.65 0.65 0.65 0.65 0.64 0.64 0.63 0.63 0.63 0.62 0.62 0.62 0.61 0.61 0.61 0.6 0.6 0.6 0.6 0.59 0.59 0.59 0.58 0.58 0.58 0.58 0.57 0.57 0.57 0.56 0.56 0.56 0.56 0.56 0.55 0.55 0.55 0.55 0.54 0.54 0.54 0.54 0.54 0.53 0.53 0.53 0.53 0.52 0.52 0.52 0.52 0.52 0.51 0.51 0.51 0.51 0.51 0.5 0.5 0.5 0.5 0.5 0.49 0.49 0.49 0.49 0.49 0.49 0.48 0.48
0.77 0.77 0.76 0.76 0.75 0.75 0.74 0.73 0.73 0.72 0.72 0.72 0.71 0.71 0.7 0.7 0.69 0.68 0.68 0.68 0.67 0.67 0.66 0.66 0.66 0.65 0.65 0.65 0.64 0.64 0.63 0.63 0.63 0.62 0.62 0.62 0.61 0.61 0.61 0.6 0.6 0.6 0.59 0.59 0.59 0.58 0.58 0.58 0.58 0.57 0.57 0.57 0.57 0.56 0.56 0.56 0.55 0.55 0.55 0.55 0.55 0.54 0.54 0.54 0.54 0.53 0.53 0.53 0.53 0.52 0.52 0.52 0.52 0.52 0.51 0.51 0.51 0.51 0.51 0.51 0.5 0.5 0.5 0.5 0.49 0.49 0.49 0.49 0.49 0.49 0.48 0.48 0.48 0.48 0.48 0.48 0.47 0.47 0.47 0.47
0.74 0.74 0.73 0.73 0.72 0.71 0.71 0.7 0.7 0.69 0.69 0.69 0.68 0.68 0.67 0.67 0.66 0.66 0.65 0.65 0.64 0.64 0.64 0.63 0.63 0.63 0.62 0.62 0.62 0.61 0.61 0.61 0.6 0.6 0.6 0.59 0.59 0.59 0.58 0.58 0.58 0.57 0.57 0.57 0.57 0.56 0.56 0.56 0.56 0.55 0.55 0.55 0.54 0.54 0.54 0.54 0.53 0.53 0.53 0.53 0.53 0.53 0.52 0.52 0.52 0.51 0.51 0.51 0.51 0.51 0.5 0.5 0.5 0.5 0.5 0.49 0.49 0.49 0.49 0.49 0.49 0.48 0.48 0.48 0.48 0.48 0.48 0.47 0.47 0.47 0.47 0.47 0.47 0.46 0.46 0.46 0.46 0.46 0.46 0.45
0.7 0.7 0.69 0.69 0.68 0.67 0.67 0.66 0.66 0.66 0.65 0.65 0.64 0.64 0.63 0.63 0.63 0.62 0.62 0.61 0.61 0.61 0.6 0.6 0.6 0.59 0.59 0.59 0.58 0.58 0.58 0.58 0.57 0.57 0.57 0.56 0.56 0.56 0.55 0.55 0.55 0.55 0.54 0.54 0.54 0.53 0.53 0.53 0.53 0.53 0.52 0.52 0.52 0.52 0.51 0.51 0.51 0.51 0.51 0.5 0.5 0.5 0.5 0.5 0.49 0.49 0.49 0.49 0.49 0.48 0.48 0.48 0.48 0.47 0.47 0.47 0.47 0.47 0.47 0.47 0.46 0.46 0.46 0.46 0.46 0.45 0.45 0.45 0.45 0.45 0.45 0.45 0.44 0.44 0.44 0.44 0.44 0.44 0.44 0.43
0.65 0.65 0.64 0.64 0.64 0.63 0.63 0.62 0.62 0.61 0.61 0.61 0.6 0.6 0.59 0.59 0.59 0.58 0.58 0.58 0.57 0.57 0.57 0.56 0.56 0.56 0.56 0.55 0.55 0.55 0.54 0.54 0.54 0.54 0.53 0.53 0.53 0.53 0.52 0.52 0.52 0.51 0.51 0.51 0.51 0.5 0.5 0.5 0.5 0.5 0.49 0.49 0.49 0.49 0.49 0.48 0.48 0.48 0.48 0.48 0.47 0.47 0.47 0.47 0.47 0.46 0.46 0.46 0.46 0.46 0.46 0.45 0.45 0.45 0.45 0.45 0.45 0.44 0.44 0.44 0.44 0.44 0.44 0.43 0.43 0.43 0.43 0.43 0.43 0.43 0.42 0.42 0.42 0.42 0.42 0.42 0.42 0.41 0.41 0.41
0.62 0.61 0.61 0.6 0.6 0.59 0.59 0.59 0.58 0.58 0.58 0.57 0.57 0.57 0.56 0.56 0.56 0.55 0.55 0.54 0.54 0.54 0.54 0.53 0.53 0.53 0.52 0.52 0.52 0.52 0.51 0.51 0.51 0.51 0.5 0.5 0.5 0.5 0.49 0.49 0.49 0.49 0.48 0.48 0.48 0.48 0.48 0.48 0.47 0.47 0.47 0.47 0.46 0.46 0.46 0.46 0.46 0.46 0.45 0.45 0.45 0.45 0.45 0.44 0.44 0.44 0.44 0.44 0.44 0.43 0.43 0.43 0.43 0.43 0.43 0.42 0.42 0.42 0.42 0.42 0.42 0.42 0.41 0.41 0.41 0.41 0.41 0.41 0.41 0.4 0.4 0.4 0.4 0.4 0.4 0.4 0.4 0.39 0.39 0.39
0.58 0.58 0.57 0.57 0.57 0.56 0.56 0.55 0.55 0.55 0.55 0.54 0.54 0.53 0.53 0.53 0.53 0.52 0.52 0.52 0.51 0.51 0.51 0.5 0.5 0.5 0.5 0.5 0.49 0.49 0.49 0.49 0.48 0.48 0.48 0.47 0.47 0.47 0.47 0.47 0.46 0.46 0.46 0.46 0.46 0.45 0.45 0.45 0.45 0.45 0.44 0.44 0.44 0.44 0.44 0.44 0.43 0.43 0.43 0.43 0.43 0.43 0.42 0.42 0.42 0.42 0.42 0.42 0.41 0.41 0.41 0.41 0.41 0.41 0.41 0.4 0.4 0.4 0.4 0.4 0.4 0.4 0.39 0.39 0.39 0.39 0.39 0.39 0.39 0.39 0.38 0.38 0.38 0.38 0.38 0.38 0.38 0.38 0.37 0.37
0.55 0.55 0.54 0.54 0.54 0.53 0.53 0.53 0.53 0.52 0.52 0.52 0.51 0.51 0.51 0.5 0.5 0.5 0.49 0.49 0.49 0.49 0.48 0.48 0.48 0.48 0.47 0.47 0.47 0.47 0.46 0.46 0.46 0.46 0.46 0.45 0.45 0.45 0.45 0.44 0.44 0.44 0.44 0.44 0.43 0.43 0.43 0.43 0.43 0.43 0.42 0.42 0.42 0.42 0.42 0.42 0.41 0.41 0.41 0.41 0.41 0.41 0.41 0.4 0.4 0.4 0.4 0.4 0.4 0.39 0.39 0.39 0.39 0.39 0.39 0.39 0.39 0.38 0.38 0.38 0.38 0.38 0.38 0.38 0.37 0.37 0.37 0.37 0.37 0.37 0.37 0.37 0.37 0.36 0.36 0.36 0.36 0.36 0.36 0.36
0.53 0.53 0.52 0.52 0.51 0.51 0.51 0.5 0.5 0.5 0.5 0.49 0.49 0.49 0.48 0.48 0.48 0.47 0.47 0.47 0.47 0.46 0.46 0.46 0.46 0.46 0.45 0.45 0.45 0.45 0.44 0.44 0.44 0.44 0.44 0.43 0.43 0.43 0.43 0.43 0.42 0.42 0.42 0.42 0.42 0.41 0.41 0.41 0.41 0.41 0.41 0.4 0.4 0.4 0.4 0.4 0.4 0.4 0.39 0.39 0.39 0.39 0.39 0.39 0.39 0.38 0.38 0.38 0.38 0.38 0.38 0.38 0.38 0.37 0.37 0.37 0.37 0.37 0.37 0.37 0.37 0.36 0.36 0.36 0.36 0.36 0.36 0.36 0.36 0.35 0.35 0.35 0.35 0.35 0.35 0.35 0.35 0.35 0.35 0.34
0.51 0.51 0.5 0.5 0.49 0.49 0.49 0.48 0.48 0.48 0.48 0.47 0.47 0.47 0.46 0.46 0.46 0.46 0.45 0.45 0.45 0.45 0.44 0.44 0.44 0.44 0.44 0.44 0.43 0.43 0.43 0.43 0.42 0.42 0.42 0.42 0.42 0.41 0.41 0.41 0.41 0.41 0.4 0.4 0.4 0.4 0.4 0.4 0.4 0.39 0.39 0.39 0.39 0.39 0.39 0.38 0.38 0.38 0.38 0.38 0.38 0.38 0.37 0.37 0.37 0.37 0.37 0.37 0.37 0.37 0.36 0.36 0.36 0.36 0.36 0.36 0.36 0.36 0.36 0.35 0.35 0.35 0.35 0.35 0.35 0.35 0.35 0.34 0.34 0.34 0.34 0.34 0.34 0.34 0.34 0.34 0.34 0.33 0.33 0.33
0.49 0.49 0.49 0.49 0.48 0.48 0.48 0.47 0.47 0.47 0.47 0.46 0.46 0.46 0.45 0.45 0.45 0.45 0.44 0.44 0.44 0.44 0.43 0.43 0.43 0.43 0.43 0.42 0.42 0.42 0.42 0.42 0.41 0.41 0.41 0.41 0.41 0.4 0.4 0.4 0.4 0.4 0.4 0.39 0.39 0.39 0.39 0.39 0.39 0.38 0.38 0.38 0.38 0.38 0.38 0.38 0.37 0.37 0.37 0.37 0.37 0.37 0.37 0.37 0.36 0.36 0.36 0.36 0.36 0.36 0.36 0.36 0.35 0.35 0.35 0.35 0.35 0.35 0.35 0.35 0.35 0.34 0.34 0.34 0.34 0.34 0.34 0.34 0.34 0.34 0.33 0.33 0.33 0.33 0.33 0.33 0.33 0.33 0.33 0.33
0.49 0.49 0.48 0.48 0.47 0.47 0.47 0.46 0.46 0.46 0.46 0.45 0.45 0.45 0.45 0.44 0.44 0.44 0.44 0.43 0.43 0.43 0.43 0.42 0.42 0.42 0.42 0.42 0.41 0.41 0.41 0.41 0.41 0.41 0.4 0.4 0.4 0.4 0.4 0.39 0.39 0.39 0.39 0.39 0.39 0.38 0.38 0.38 0.38 0.38 0.38 0.38 0.37 0.37 0.37 0.37 0.37 0.37 0.37 0.36 0.36 0.36 0.36 0.36 0.36 0.36 0.36 0.35 0.35 0.35 0.35 0.35 0.35 0.35 0.35 0.34 0.34 0.34 0.34 0.34 0.34 0.34 0.34 0.34 0.33 0.33 0.33 0.33 0.33 0.33 0.33 0.33 0.33 0.33 0.33 0.32 0.32 0.32 0.32 0.32
0.48 0.48 0.47 0.47 0.46 0.46 0.46 0.46 0.45 0.45 0.45 0.45 0.44 0.44 0.44 0.44 0.43 0.43 0.43 0.43 0.42 0.42 0.42 0.42 0.41 0.41 0.41 0.41 0.41 0.41 0.4 0.4 0.4 0.4 0.4 0.39 0.39 0.39 0.39 0.39 0.39 0.38 0.38 0.38 0.38 0.38 0.38 0.38 0.37 0.37 0.37 0.37 0.37 0.37 0.37 0.36 0.36 0.36 0.36 0.36 0.36 0.36 0.35 0.35 0.35 0.35 0.35 0.35 0.35 0.35 0.34 0.34 0.34 0.34 0.34 0.34 0.34 0.34 0.34 0.34 0.33 0.33 0.33 0.33 0.33 0.33 0.33 0.33 0.33 0.32 0.32 0.32 0.32 0.32 0.32 0.32 0.32 0.32 0.32 0.32
0.47 0.47 0.46 0.46 0.45 0.45 0.45 0.45 0.44 0.44 0.44 0.44 0.43 0.43 0.43 0.43 0.42 0.42 0.42 0.42 0.41 0.41 0.41 0.41 0.41 0.4 0.4 0.4 0.4 0.4 0.39 0.39 0.39 0.39 0.39 0.39 0.38 0.38 0.38 0.38 0.38 0.38 0.37 0.37 0.37 0.37 0.37 0.37 0.37 0.36 0.36 0.36 0.36 0.36 0.36 0.36 0.35 0.35 0.35 0.35 0.35 0.35 0.35 0.35 0.35 0.34 0.34 0.34 0.34 0.34 0.34 0.34 0.34 0.33 0.33 0.33 0.33 0.33 0.33 0.33 0.33 0.33 0.33 0.32 0.32 0.32 0.32 0.32 0.32 0.32 0.32 0.32 0.32 0.31 0.31 0.31 0.31 0.31 0.31 0.31
0.45 0.45 0.45 0.45 0.44 0.44 0.44 0.43 0.43 0.43 0.43 0.42 0.42 0.42 0.42 0.42 0.41 0.41 0.41 0.41 0.4 0.4 0.4 0.4 0.4 0.39 0.39 0.39 0.39 0.39 0.38 0.38 0.38 0.38 0.38 0.38 0.37 0.37 0.37 0.37 0.37 0.37 0.37 0.36 0.36 0.36 0.36 0.36 0.36 0.36 0.35 0.35 0.35 0.35 0.35 0.35 0.35 0.35 0.34 0.34 0.34 0.34 0.34 0.34 0.34 0.33 0.33 0.33 0.33 0.33 0.33 0.33 0.33 0.33 0.33 0.32 0.32 0.32 0.32 0.32 0.32 0.32 0.32 0.32 0.32 0.31 0.31 0.31 0.31 0.31 0.31 0.31 0.31 0.31 0.31 0.31 0.31 0.3 0.3 0.3
0.44 0.44 0.44 0.43 0.43 0.43 0.43 0.42 0.42 0.42 0.42 0.41 0.41 0.41 0.41 0.4 0.4 0.4 0.4 0.39 0.39 0.39 0.39 0.39 0.38 0.38 0.38 0.38 0.38 0.38 0.37 0.37 0.37 0.37 0.37 0.37 0.36 0.36 0.36 0.36 0.36 0.36 0.36 0.35 0.35 0.35 0.35 0.35 0.35 0.35 0.34 0.34 0.34 0.34 0.34 0.34 0.34 0.34 0.33 0.33 0.33 0.33 0.33 0.33 0.33 0.33 0.33 0.32 0.32 0.32 0.32 0.32 0.32 0.32 0.32 0.32 0.32 0.31 0.31 0.31 0.31 0.31 0.31 0.31 0.31 0.31 0.31 0.31 0.3 0.3 0.3 0.3 0.3 0.3 0.3 0.3 0.3 0.3 0.3 0.3
0.42 0.42 0.42 0.42 0.41 0.41 0.41 0.4 0.4 0.4 0.4 0.4 0.39 0.39 0.39 0.39 0.39 0.38 0.38 0.38 0.38 0.37 0.37 0.37 0.37 0.37 0.37 0.37 0.36 0.36 0.36 0.36 0.36 0.36 0.35 0.35 0.35 0.35 0.35 0.35 0.34 0.34 0.34 0.34 0.34 0.34 0.34 0.34 0.33 0.33 0.33 0.33 0.33 0.33 0.33 0.33 0.32 0.32 0.32 0.32 0.32 0.32 0.32 0.32 0.32 0.31 0.31 0.31 0.31 0.31 0.31 0.31 0.31 0.31 0.31 0.3 0.3 0.3 0.3 0.3 0.3 0.3 0.3 0.3 0.3 0.29 0.29 0.29 0.29 0.29 0.29 0.29 0.29 0.29 0.29 0.29 0.29 0.29 0.28 0.28
0.4 0.4 0.4 0.4 0.39 0.39 0.39 0.39 0.39 0.38 0.38 0.38 0.38 0.37 0.37 0.37 0.37 0.37 0.36 0.36 0.36 0.36 0.36 0.36 0.35 0.35 0.35 0.35 0.35 0.35 0.34 0.34 0.34 0.34 0.34 0.34 0.33 0.33 0.33 0.33 0.33 0.33 0.33 0.33 0.32 0.32 0.32 0.32 0.32 0.32 0.32 0.32 0.31 0.31 0.31 0.31 0.31 0.31 0.31 0.31 0.31 0.31 0.3 0.3 0.3 0.3 0.3 0.3 0.3 0.3 0.3 0.3 0.29 0.29 0.29 0.29 0.29 0.29 0.29 0.29 0.29 0.29 0.29 0.28 0.28 0.28 0.28 0.28 0.28 0.28 0.28 0.28 0.28 0.28 0.28 0.28 0.27 0.27 0.27 0.27
0.39 0.39 0.38 0.38 0.38 0.38 0.38 0.37 0.37 0.37 0.37 0.36 0.36 0.36 0.36 0.36 0.35 0.35 0.35 0.35 0.35 0.34 0.34 0.34 0.34 0.34 0.34 0.34 0.33 0.33 0.33 0.33 0.33 0.33 0.32 0.32 0.32 0.32 0.32 0.32 0.32 0.32 0.31 0.31 0.31 0.31 0.31 0.31 0.31 0.31 0.3 0.3 0.3 0.3 0.3 0.3 0.3 0.3 0.3 0.3 0.29 0.29 0.29 0.29 0.29 0.29 0.29 0.29 0.29 0.29 0.28 0.28 0.28 0.28 0.28 0.28 0.28 0.28 0.28 0.28 0.28 0.28 0.27 0.27 0.27 0.27 0.27 0.27 0.27 0.27 0.27 0.27 0.27 0.27 0.27 0.26 0.26 0.26 0.26 0.26
0.37 0.37 0.37 0.37 0.36 0.36 0.36 0.36 0.36 0.35 0.35 0.35 0.35 0.35 0.34 0.34 0.34 0.34 0.34 0.34 0.33 0.33 0.33 0.33 0.33 0.33 0.32 0.32 0.32 0.32 0.32 0.32 0.32 0.31 0.31 0.31 0.31 0.31 0.31 0.31 0.3 0.3 0.3 0.3 0.3 0.3 0.3 0.3 0.3 0.29 0.29 0.29 0.29 0.29 0.29 0.29 0.29 0.29 0.29 0.28 0.28 0.28 0.28 0.28 0.28 0.28 0.28 0.28 0.28 0.28 0.27 0.27 0.27 0.27 0.27 0.27 0.27 0.27 0.27 0.27 0.27 0.27 0.27 0.26 0.26 0.26 0.26 0.26 0.26 0.26 0.26 0.26 0.26 0.26 0.26 0.26 0.25 0.25 0.25 0.25
0.36 0.36 0.35 0.35 0.35 0.35 0.35 0.34 0.34 0.34 0.34 0.34 0.33 0.33 0.33 0.33 0.33 0.32 0.32 0.32 0.32 0.32 0.32 0.32 0.31 0.31 0.31 0.31 0.31 0.31 0.31 0.3 0.3 0.3 0.3 0.3 0.3 0.3 0.3 0.29 0.29 0.29 0.29 0.29 0.29 0.29 0.29 0.29 0.28 0.28 0.28 0.28 0.28 0.28 0.28 0.28 0.28 0.28 0.27 0.27 0.27 0.27 0.27 0.27 0.27 0.27 0.27 0.27 0.27 0.26 0.26 0.26 0.26 0.26 0.26 0.26 0.26 0.26 0.26 0.26 0.26 0.26 0.25 0.25 0.25 0.25 0.25 0.25 0.25 0.25 0.25 0.25 0.25 0.25 0.25 0.25 0.25 0.24 0.24 0.24
0.34 0.34 0.34 0.34 0.34 0.33 0.33 0.33 0.33 0.33 0.32 0.32 0.32 0.32 0.32 0.32 0.31 0.31 0.31 0.31 0.31 0.31 0.3 0.3 0.3 0.3 0.3 0.3 0.3 0.29 0.29 0.29 0.29 0.29 0.29 0.29 0.28 0.28 0.28 0.28 0.28 0.28 0.28 0.28 0.28 0.27 0.27 0.27 0.27 0.27 0.27 0.27 0.27 0.27 0.27 0.27 0.26 0.26 0.26 0.26 0.26 0.26 0.26 0.26 0.26 0.26 0.26 0.26 0.25 0.25 0.25 0.25 0.25 0.25 0.25 0.25 0.25 0.25 0.25 0.25 0.25 0.24 0.24 0.24 0.24 0.24 0.24 0.24 0.24 0.24 0.24 0.24 0.24 0.24 0.24 0.24 0.23 0.23 0.23 0.23
0.33 0.33 0.33 0.33 0.32 0.32 0.32 0.32 0.31 0.31 0.31 0.31 0.31 0.31 0.3 0.3 0.3 0.3 0.3 0.3 0.29 0.29 0.29 0.29 0.29 0.29 0.29 0.29 0.28 0.28 0.28 0.28 0.28 0.28 0.28 0.27 0.27 0.27 0.27 0.27 0.27 0.27 0.27 0.27 0.26 0.26 0.26 0.26 0.26 0.26 0.26 0.26 0.26 0.26 0.26 0.25 0.25 0.25 0.25 0.25 0.25 0.25 0.25 0.25 0.25 0.25 0.25 0.24 0.24 0.24 0.24 0.24 0.24 0.24 0.24 0.24 0.24 0.24 0.24 0.24 0.24 0.23 0.23 0.23 0.23 0.23 0.23 0.23 0.23 0.23 0.23 0.23 0.23 0.23 0.23 0.23 0.23 0.22 0.22 0.22
0.32 0.32 0.31 0.31 0.31 0.31 0.31 0.3 0.3 0.3 0.3 0.3 0.3 0.29 0.29 0.29 0.29 0.29 0.29 0.29 0.28 0.28 0.28 0.28 0.28 0.28 0.28 0.28 0.27 0.27 0.27 0.27 0.27 0.27 0.27 0.26 0.26 0.26 0.26 0.26 0.26 0.26 0.26 0.26 0.26 0.25 0.25 0.25 0.25 0.25 0.25 0.25 0.25 0.25 0.25 0.25 0.24 0.24 0.24 0.24 0.24 0.24 0.24 0.24 0.24 0.24 0.24 0.24 0.24 0.23 0.23 0.23 0.23 0.23 0.23 0.23 0.23 0.23 0.23 0.23 0.23 0.23 0.23 0.22 0.22 0.22 0.22 0.22 0.22 0.22 0.22 0.22 0.22 0.22 0.22 0.22 0.22 0.22 0.22 0.22
0.31 0.31 0.3 0.3 0.3 0.3 0.3 0.29 0.29 0.29 0.29 0.29 0.29 0.29 0.28 0.28 0.28 0.28 0.28 0.28 0.27 0.27 0.27 0.27 0.27 0.27 0.27 0.27 0.26 0.26 0.26 0.26 0.26 0.26 0.26 0.26 0.25 0.25 0.25 0.25 0.25 0.25 0.25 0.25 0.25 0.25 0.25 0.25 0.24 0.24 0.24 0.24 0.24 0.24 0.24 0.24 0.24 0.24 0.24 0.23 0.23 0.23 0.23 0.23 0.23 0.23 0.23 0.23 0.23 0.23 0.23 0.23 0.23 0.22 0.22 0.22 0.22 0.22 0.22 0.22 0.22 0.22 0.22 0.22 0.22 0.22 0.22 0.22 0.22 0.21 0.21 0.21 0.21 0.21 0.21 0.21 0.21 0.21 0.21 0.21
0.3 0.3 0.29 0.29 0.29 0.29 0.29 0.28 0.28 0.28 0.28 0.28 0.28 0.28 0.27 0.27 0.27 0.27 0.27 0.27 0.26 0.26 0.26 0.26 0.26 0.26 0.26 0.26 0.26 0.25 0.25 0.25 0.25 0.25 0.25 0.25 0.25 0.25 0.24 0.24 0.24 0.24 0.24 0.24 0.24 0.24 0.24 0.24 0.24 0.23 0.23 0.23 0.23 0.23 0.23 0.23 0.23 0.23 0.23 0.23 0.23 0.23 0.22 0.22 0.22 0.22 0.22 0.22 0.22 0.22 0.22 0.22 0.22 0.22 0.22 0.22 0.21 0.21 0.21 0.21 0.21 0.21 0.21 0.21 0.21 0.21 0.21 0.21 0.21 0.21 0.21 0.21 0.21 0.2 0.2 0.2 0.2 0.2 0.2 0.2
0.29 0.29 0.28 0.28 0.28 0.28 0.28 0.28 0.28 0.27 0.27 0.27 0.27 0.27 0.27 0.26 0.26 0.26 0.26 0.26 0.26 0.26 0.25 0.25 0.25 0.25 0.25 0.25 0.25 0.25 0.24 0.24 0.24 0.24 0.24 0.24 0.24 0.24 0.24 0.24 0.23 0.23 0.23 0.23 0.23 0.23 0.23 0.23 0.23 0.23 0.23 0.23 0.22 0.22 0.22 0.22 0.22 0.22 0.22 0.22 0.22 0.22 0.22 0.22 0.22 0.21 0.21 0.21 0.21 0.21 0.21 0.21 0.21 0.21 0.21 0.21 0.21 0.21 0.21 0.21 0.21 0.21 0.2 0.2 0.2 0.2 0.2 0.2 0.2 0.2 0.2 0.2 0.2 0.2 0.2 0.2 0.2 0.2 0.2 0.2
